0 0.48147138314740473 0.18514898568111535 0.04515791440430235 0.0702456446289145
0 0.5261589026099955 0.24598673147580022 0.053625023355108825 0.04641230091553283
0 0.5722576068977208 0.2767192010009504 0.04233554475403338 0.04515791440430217
0 0.5459154901618779 0.3450832658630189 0.03669080545349559 0.07651757718506755
0 0.5755503714897011 0.3990218858459354 0.04892107393799407 0.05393861998291641
0 0.5736687917228551 0.46738595070800387 0.05832897277222365 0.06021055253906958
0 0.5609681282966452 0.5558201997497622 0.040453964987187306 0.061464939050300205
0 0.5506194395789927 0.5056447393005375 0.03857238522034145 0.04892107393799407
0 0.5129878442420742 0.5332412425476112 0.034809225686649514 0.06899125811768386
0 0.4838233578559624 0.5783991569519134 0.03292764591980358 0.05142984696045524
0 0.4631259804206572 0.6461360285583665 0.03669080545349559 0.041394754870610416
0 0.416086486249509 0.6310833904235992 0.0385723852203413 0.04892107393799407
0 0.37092857184520683 0.6273202308899072 0.029164486386111788 0.03386843580322676
0 0.31118841424784893 0.5482938806823786 0.045157914404302134 0.06648248509522268
0 0.27731997844462225 0.4887105213989243 0.03763159533691841 0.07024564462891447
0 0.27449760879435336 0.40027627235716584 0.041394754870610305 0.06146493905030013
0 0.3187147333152322 0.3519823916747867 0.04327633463745588 0.08780705578614292
0 0.2890798519874093 0.2591577898437217 0.04045396498718734 0.06522809858399203
0 0.33847132086711484 0.22215338776241858 0.028223696502688824 0.043903527893071545
0 0.3840996302131285 0.23532444613034 0.03104606615295772 0.03763159533691852
0 0.42408320025860435 0.2152542619506502 0.04703949417114806 0.052684233471685854
0 0.4993463909324413 0.27546481448971977 0.043276334637456275 0.06271932556153079
0 0.5129878442420742 0.349473618652326 0.031046066152957793 0.04264914138184096
0 0.43207991426769937 0.25790340333249107 0.04421712452087924 0.05268423347168593
0 0.4518365018195814 0.2873814863464104 0.0385723852203413 0.05644739300537768
0 0.39632989869762697 0.2861270998351798 0.034809225686649584 0.06146493905030017
0 0.342704875342518 0.2660569156554901 0.05550660312195472 0.05644739300537768
0 0.36152067301097746 0.3388113333068658 0.032927645919803655 0.04641230091553279
0 0.4123233267158172 0.3645262567870934 0.03857238522034145 0.05519300649414717
0 0.4339614940345454 0.32626746819455965 0.02916448638611186 0.0388859818481491
0 0.4593628208869653 0.3463376523742494 0.03669080545349559 0.04641230091553283
0 0.48664572750623125 0.34821923214109546 0.03292764591980358 0.0903158288086043
0 0.484293752797674 0.4291271621154701 0.045157914404302134 0.04892107393799407
0 0.4904088870399231 0.46613156419677326 0.025401326852419855 0.030105276269534756
0 0.47253387925488666 0.4780482360534639 0.025401326852419928 0.03386843580322654
0 0.45654045123669657 0.5163070246459978 0.03669080545349559 0.0551930064941471
0 0.4179680660163551 0.4774210427978488 0.03104606615295765 0.04766668742676344
0 0.40620819247356804 0.4147017172363181 0.030105276269534756 0.03763159533691841
0 0.35869830336070835 0.3871052139892444 0.06491450195618434 0.06522809858399192
0 0.3761029162040333 0.4328903216491619 0.03575001557007255 0.04390352789307151
0 0.33847132086711484 0.4749122697753876 0.028223696502688824 0.04014036835937972
0 0.36622462242809173 0.5062719325561527 0.04609870428772555 0.05519300649414678
0 0.40903056212383687 0.5489210739379938 0.028223696502688897 0.050175460449224545
0 0.3808068656211481 0.5482938806823786 0.04139475487061034 0.04892107393799392
0 0.38833318468853173 0.5896886355529887 0.03575001557007255 0.04390352789307151
0 0.2627377352515664 0.4517061193176212 0.025401326852419963 0.03386843580322669
