0 0.4402902142660318 0.5411246175391501 0.02634545811101802 0.03427051461595831
0 0.5177201582264627 0.5908168637322898 0.03983947324105152 0.053119297654735435
0 0.4435030750112779 0.5775370393186059 0.034056323899608644 0.03855432894295312
0 0.36510927282727323 0.5531192976547357 0.02249002521672267 0.030843463154362566
0 0.3683221335725193 0.5805357093475023 0.034056323899608644 0.042838143269947865
0 0.3875992980439959 0.6019547809824763 0.02249002521672274 0.032556988885160294
0 0.31241835660523726 0.6212319454539528 0.021204880918624235 0.026559648827367752
0 0.3708924221687162 0.6490767385794192 0.027630602409116422 0.034270514615958377
0 0.31563121735048333 0.7137623349170403 0.02120488091862427 0.03341375175055944
0 0.3387638147162552 0.7317543550904184 0.035341468197707046 0.05054900905853856
0 0.40623389036642316 0.680348583166481 0.03277117960151017 0.05568958625093216
0 0.42454719661432594 0.7300408293596204 0.02827317455816555 0.04198138040454893
0 0.3365148121945829 0.7840168898797552 0.02955831885626402 0.03170022601976157
0 0.31595250342500797 0.8534146819770707 0.023132597365771907 0.03512727748135745
0 0.37699685758468376 0.8431335275922837 0.03212860745246097 0.035127277481357314
0 0.38020971832993 0.8795459493717394 0.021847453067673397 0.03084346315436306
0 0.37699685758468376 0.9151016082857959 0.03469889604865784 0.03170022601976129
0 0.3978326578061268 0.7571138278377438 0.02708361950538027 0.027614670868230887
0 0.41429525005449525 0.7748155399327638 0.01752469497406949 0.03469535570623876
0 0.39464634962902323 0.7872067383992775 0.03026992768248384 0.04390024599564896
0 0.40739158233743766 0.8119891353323054 0.029207824956782674 0.026906602384430017
0 0.42066786640870235 0.8364174980234327 0.02602151677967903 0.031863081771035695
0 0.4387236127456226 0.797473731414389 0.03133203040818508 0.03469535570623861
0 0.4697901174723823 0.782250259012672 0.023366259965426083 0.03540342419003949
0 0.4620898727110487 0.8208399913798152 0.022835208602575534 0.03611149267384053
0 0.5112121237747286 0.8434981828614405 0.038235698125242835 0.0346953557062389
0 0.4804111447293941 0.8123431695742056 0.019117849062621345 0.024782396933027542
0 0.515195008996108 0.8066786217037993 0.022835208602575464 0.029030807835832492
0 0.5382957432801091 0.7974737314143887 0.026552568142529723 0.036111492673840215
0 0.5696277736882941 0.7556976908701424 0.027614670868230887 0.031863081771035695
0 0.47217984860520984 0.7171079585029991 0.026021516779678962 0.03257115025483657
0 0.503511879013395 0.7599461017729472 0.03345623585958741 0.03894376660904356
0 0.5234263051202924 0.7294991569695134 0.026552568142529865 0.033279218738637296
0 0.5396233716872354 0.691971527328071 0.034518338585288785 0.04602445144705158
0 0.514132906270407 0.6643568564598402 0.02708361950538034 0.03611149267384036
0 0.49395295448208437 0.6278913295440994 0.02708361950538034 0.036819561157641234
0 0.47297642564948594 0.6509035552676252 0.01805574633692018 0.02619853390062936
0 0.4689935404281064 0.6873690821833659 0.02177310587687458 0.02690660238443016
0 0.445361754781255 0.6771020891682545 0.028676773593932125 0.033279218738637296
0 0.44642385750695623 0.6562140688961311 0.020179951788322582 0.021242054514023893
0 0.4442996520555538 0.6133759256261831 0.03504938994813934 0.03469535570623883
0 0.4204023407272771 0.6218727474317925 0.022304157239724915 0.02761467086823096
0 0.33941700789256146 0.6799343631034577 0.022835208602575464 0.031863081771035626
0 0.3330443915383543 0.661524582524637 0.016462592248368466 0.019117849062621133
0 0.34632067560961927 0.659754411315135 0.015400489522667229 0.018409780578820402
0 0.3566761771852057 0.6678971988788441 0.015931540885517848 0.02195012299782448
