0 0.3596390932441315 0.32940343447263615 0.034809225686649584 0.04014036835937969
0 0.3996226632896073 0.36264467702024744 0.022578957202151174 0.04390352789307151
0 0.48711612244794267 0.33128501423948203 0.028223696502688966 0.04641230091553268
0 0.5270996924934186 0.38020608817747614 0.02728290661926593 0.04139475487061027
0 0.5666128675971831 0.39588591956785885 0.032927645919803655 0.03763159533691848
0 0.6202378909522919 0.3908683735229363 0.03857238522034137 0.035122822314457236
0 0.6512839571052496 0.4322631283935465 0.027282906619265787 0.0451579144043022
0 0.5891918247993342 0.4259911958373936 0.042335544754033234 0.04014036835937972
0 0.6098892022346392 0.4843201686096171 0.02728290661926593 0.04390352789307151
0 0.29566538117137003 0.3839692477111678 0.025401326852419994 0.04139475487061036
0 0.2900206418708323 0.49560964721069284 0.02728290661926593 0.05142984696045531
0 0.3055436749473113 0.5677368716064531 0.02822369650268886 0.04014036835937986
0 0.3253002624991933 0.5934517950866806 0.0225789572021511 0.03386843580322669
0 0.35023119440990186 0.7113641271423586 0.04421712452087917 0.07150003114014496
0 0.3996226632896074 0.6843948171509001 0.03575001557007248 0.05770177951660841
0 0.38080686562114807 0.6379825162353676 0.02446053696899696 0.03512282231445731
0 0.37328054655376425 0.6059956601989868 0.03575001557007255 0.041394754870610416
0 0.4010338481147418 0.5871798625305277 0.03480922568664965 0.043903527893071656
0 0.3808068656211481 0.5181886044128439 0.04139475487061034 0.04641230091553283
0 0.44242860298535097 0.4404166407165453 0.04609870428772491 0.03888598184814977
0 0.4273759648505836 0.4780482360534632 0.049861863821416955 0.04390352789307163
0 0.42596478002544963 0.5244605369689964 0.05080265370483983 0.03888598184814982
0 0.4490141321693129 0.5501754604492245 0.04986186382141703 0.06021055253906958
0 0.515810213892343 0.4981184202331538 0.021638167318728137 0.03386843580322662
0 0.5379187761527827 0.5282236965026885 0.03198685603638076 0.04390352789307159
0 0.662573435706325 0.5708728378845295 0.02728290661926593 0.05393861998291634
0 0.433491099092834 0.6442544487915207 0.028223696502688824 0.0551930064941471
0 0.4706522994880409 0.6059956601989869 0.02351974708557407 0.0388859818481491
0 0.49511283645703785 0.5953333748535266 0.02728290661926586 0.04014036835937972
0 0.5186325835426121 0.5671096783508379 0.032927645919803725 0.03386843580322662
0 0.5539122041709731 0.587807055786143 0.02446053696899696 0.030105276269534825
0 0.5534418092292616 0.61226759275514 0.023519747085573996 0.028850889758304205
0 0.5967181438667164 0.6047412736877557 0.03292764591980365 0.043903527893072364
0 0.630116184728233 0.6266930376342921 0.031986856036380684 0.047666687426763374
0 0.4650075601875032 0.7885088975830413 0.02351974708557414 0.035122822314457236
0 0.5101654745918054 0.7533860752685839 0.027282906619265787 0.050175460449224545
0 0.5717872119560092 0.7402150169006626 0.03763159533691841 0.04641230091553268
0 0.5073431049415364 0.6831404306396698 0.029164486386111788 0.06021055253906951
0 0.4720634843131753 0.6530351543701347 0.026342116735842892 0.0551930064941471
0 0.469711509604618 0.6925483294738993 0.021638167318728207 0.028850889758304136
0 0.5016983656409987 0.6323377769348296 0.025401326852419928 0.0313596627807653
0 0.5327444317939565 0.6411184825134442 0.02916448638611193 0.033868435803226404
0 0.5670832625388944 0.6530351543701349 0.028223696502688824 0.032614049291995996
0 0.6004813034004097 0.6517807678589044 0.040453964987187445 0.055193006494146955
0 0.6178859162437343 0.5570745862609929 0.030105276269534825 0.04641230091553268
0 0.6244714454276952 0.5263421167358429 0.03951317510376441 0.04014036835937979
