0 0.5308928872819717 0.6649268515892999 0.023775169514821073 0.03341375175055944
0 0.5517764821260713 0.5514057719239378 0.03341375175055937 0.042838143269947934
0 0.4814148318051819 0.6345117698676368 0.05333348837108524 0.04455166900074595
0 0.44382436108580253 0.6405091099254295 0.037269184644854646 0.04112461753914992
0 0.41683633082573535 0.7069082319938488 0.024417741663870274 0.05226253478933643
0 0.3789245740318313 0.6572159858007091 0.024417741663870274 0.04026785467375099
0 0.4165150447512107 0.5891033380014918 0.043052333986297736 0.05140577192393756
0 0.45860352051393455 0.599812873818979 0.03341375175055944 0.06939779209731554
0 0.48462769255042804 0.5993844923862794 0.034056323899608644 0.049692246193139694
0 0.36864341964704395 0.610522409636466 0.024417741663870344 0.04112461753915007
0 0.3824587208516023 0.587389812270694 0.0212048809186242 0.03255698888516043
0 0.34936625517556735 0.598099348088181 0.023132597365771942 0.023132597365771942
0 0.30020948577330214 0.5985277295208803 0.044337478284396104 0.039411091808351985
0 0.36028998170940413 0.5522625347893366 0.02184745306767347 0.039411091808352124
0 0.2902496174630393 0.534698896048658 0.03341375175055937 0.04026785467375099
0 0.3098480680090404 0.5299867002889637 0.03020089100531326 0.04455166900074595
0 0.37474785506301145 0.5004283814326996 0.057188921265380444 0.029986700288963563
0 0.42808134343409654 0.47858092836502597 0.01991973662052605 0.03255698888516069
0 0.561093778287285 0.4464523209125653 0.030200891005313223 0.03855432894295312
0 0.46470795592990216 0.48843370131711433 0.030200891005313295 0.03341375175055944
0 0.5096880063633474 0.4134669505947055 0.0224900252167226 0.025702885961968746
0 0.5267161683131518 0.3920478789597315 0.02313259736577198 0.037697566077554305
0 0.48045097358160804 0.4023290333445189 0.037269184644854715 0.03769756607755419
0 0.4348283509991135 0.45287804240305746 0.030843463154362597 0.030843463154362566
0 0.3930611613109141 0.45073613523956013 0.023132597365771872 0.02655964882736761
0 0.3002094857733021 0.35349355001677835 0.04048204539010079 0.04455166900074588
0 0.31081192623261417 0.3954749304213272 0.026988030260067148 0.06854102923191661
0 0.34229796153602593 0.32522037545861265 0.02184745306767347 0.05825987484712918
0 0.3689647057215686 0.34449753993008925 0.023775169514821143 0.03170022601976136
0 0.42840262950862124 0.29780396376584595 0.038554328942953194 0.053119297654735435
0 0.4826999761032804 0.30722835528523457 0.019919736620525798 0.039411091808352054
0 0.4557119458432131 0.3393569627376957 0.0340563238996087 0.03341375175055967
0 0.4197279054964568 0.3530651685840788 0.03791175679390392 0.035127277481357314
0 0.45828223443940996 0.36891528159395953 0.023775169514821073 0.025702885961968746
0 0.4592460926629841 0.3907627346616329 0.03469889604865759 0.02998670028896346
0 0.396595308130685 0.37491262165175226 0.02634545811101802 0.04626519473154364
0 0.4055913182173741 0.41860752778709925 0.028915746707214893 0.03769756607755412
0 0.37892457403183144 0.42032105351789717 0.02184745306767347 0.042838143269948004
0 0.3676795614234702 0.3937614046905294 0.027630602409116422 0.049692246193139625
0 0.3419766754615013 0.38733568320003714 0.025060313812919545 0.0317002260197615
0 0.3172376477231065 0.44730908377796424 0.03212860745246093 0.04198138040454893
0 0.3429405336850752 0.4558767124319539 0.029558318856264094 0.03855432894295312
0 0.2880006149413669 0.46101728962434757 0.037911756793903954 0.03684080321215518
0 0.4801296875070834 0.45159289810495906 0.03791175679390399 0.04026785467375113
0 0.3448682501322229 0.5094243915193887 0.02570288596196882 0.027416411692766686
0 0.32848266033146795 0.49785809283650306 0.017349448024328615 0.028273174558165245
