0 0.49233855833901863 0.4293170636045861 0.023775169514821073 0.0865330494052948
0 0.5890456667709261 0.575823513587808 0.02698803026006722 0.06254368917412399
0 0.3959527359816357 0.4168940020563012 0.04562262258249454 0.05483282338553337
0 0.38085229047897906 0.44859422807606264 0.05012062762583909 0.037697566077554256
0 0.3153099312759588 0.4374563108258762 0.03212860745246093 0.039411091808352124
0 0.24430570880601998 0.5077108657885908 0.04048204539010076 0.08224923507830006
0 0.29410505035733453 0.5000000000000003 0.0411246175391501 0.02570288596196882
0 0.38631415374589734 0.4824363612593217 0.025060313812919476 0.02655964882736768
0 0.3448682501322228 0.5205623087695753 0.0552612048182328 0.029129937423564557
0 0.3615751260075025 0.5287015559908653 0.07068293639541409 0.06597074063571988
0 0.2880006149413669 0.5753951321551085 0.02120488091862427 0.046265194731543675
0 0.26743830617179193 0.6268009040790461 0.052048344072986766 0.03427051461595831
0 0.3243059413626478 0.5942439151938858 0.028273174558165623 0.03598404034675631
0 0.36992856394514234 0.6023831624151758 0.05911663771252804 0.028273174558165692
0 0.4026997435466524 0.6220887083193519 0.025702885961968677 0.0334137517505593
0 0.4322580624029166 0.5676842663665179 0.020562308769575 0.042838143269947934
0 0.45282037117249163 0.5621153077414247 0.026988030260067148 0.03512727748135724
0 0.4798084014325589 0.5496922461931399 0.039839473241051596 0.04112461753915
0 0.5369973226979393 0.6529321714737145 0.02184745306767347 0.04026785467375099
0 0.43707735352078586 0.6259441412136472 0.052048344072986696 0.07025455496271454
0 0.41008932326071856 0.6786350574356832 0.052048344072986835 0.07111131782811356
0 0.39980816887593107 0.6807769645991806 0.08160666292925078 0.039411091808351985
0 0.31241835660523726 0.6880594489550717 0.039196901092002356 0.0762518950205073
0 0.30310106044402363 0.7278989221961233 0.03855432894295323 0.032556988885160364
0 0.3651092728272733 0.712477190618942 0.05333348837108517 0.032556988885160364
0 0.4046274599938002 0.7171893863786362 0.037269184644854715 0.060830163443326056
0 0.42840262950862124 0.7591707667831852 0.047550339029642216 0.041981380404549073
0 0.35161525769723967 0.7467477052349005 0.03662661249580545 0.027416411692766617
0 0.3268762299588447 0.7685951583025737 0.0424097618372484 0.03684080321215518
0 0.28960704531399 0.8058643429474286 0.029558318856264164 0.049692246193139625
0 0.26775959224631657 0.8517011562462727 0.043694906135346906 0.060830163443326056
0 0.36478798675274876 0.7994386214569363 0.06554235920302035 0.04883548332774055
0 0.5280013126112505 0.7377516951482117 0.07582351358780764 0.04198138040454892
0 0.5617363504363342 0.7548869524561905 0.025060313812919476 0.02655964882736768
0 0.5794070845351877 0.7308975922250195 0.025702885961968746 0.05226253478933643
0 0.604788684422632 0.6996257476379577 0.0430523339862976 0.049692246193139764
0 0.5694472162249249 0.6567876043680099 0.048192911178691275 0.06854102923191689
0 0.3474385387284197 0.8620611786707676 0.03469889604865777 0.041124617539150136
0 0.3676795614234702 0.8903343532289333 0.03791175679390385 0.046265194731543745
0 0.42294076624170296 0.8342163855453015 0.04305233398629767 0.0762518950205073
0 0.4026997435466525 0.9314589707680833 0.02698803026006722 0.03598404034675639
0 0.4534629433215408 0.8959033118540265 0.05397606052013444 0.040267854673750915
0 0.4740252520911159 0.8466394470935864 0.04240976183724847 0.05483282338553337
0 0.510973150661446 0.8277906640548093 0.05718892126538051 0.07710865788590639
0 0.5074390038416753 0.8744842402190526 0.05140577192393749 0.036840803212155035
0 0.42004919157098136 0.0145649687117823 0.03341375175055944 0.0291299374235646
