0 0.26197644290487354 0.8508443933808738 0.033413751750559335 0.038554328942953194
0 0.36189641208202716 0.8054359615147291 0.028915746707214893 0.04369490613534694
0 0.38792058411852054 0.7972967142934391 0.02955831885626402 0.042838143269948004
0 0.4104106093352432 0.7356097879847138 0.02955831885626402 0.03941109180835227
0 0.4910534140409202 0.6902013561185691 0.03277117960151024 0.04455166900074588
0 0.3673582753489454 0.7223299635710299 0.02955831885626402 0.029986700288963563
0 0.34904496910104277 0.7450341795041027 0.02891574670721482 0.035984040346756244
0 0.31691636164858183 0.7861587970432526 0.026345458111017947 0.03598404034675639
0 0.324948513511697 0.7668816325717758 0.03469889604865784 0.038554328942953194
0 0.3043862047421221 0.7450341795041026 0.023132597365771872 0.029129937423564626
0 0.30824163763641726 0.7274705407634238 0.030843463154362462 0.04369490613534694
0 0.2741853137368087 0.7347530251193148 0.021847453067673436 0.039411091808352124
0 0.27836203270562865 0.7077649948592479 0.025060313812919618 0.035127277481357314
0 0.23434584049575713 0.6807769645991805 0.028273174558165692 0.032556988885160364
0 0.41426604222953856 0.674779624541388 0.023132597365771872 0.04112461753915
0 0.4515352268743932 0.6375104398965332 0.017992020173378122 0.026559648827367752
0 0.38149486262802823 0.6602146558296056 0.028273174558165623 0.027416411692766617
0 0.11759070327600711 0.7317543550904186 0.03084346315436255 0.04026785467375106
0 0.18506077892617512 0.6636417072912013 0.023132597365771907 0.029129937423564768
0 0.18570335107522426 0.6409374913581288 0.028273174558165623 0.024846123096569597
0 0.14490001961059892 0.6533605529064138 0.016064303726230467 0.023989360231170806
0 0.16032175118778014 0.6387955841946316 0.023775169514821108 0.030843463154362497
0 0.14554259175964812 0.6340833884349373 0.01734944802432892 0.019705545904175992
0 0.12658671336269614 0.6409374913581288 0.03084346315436253 0.03684080321215518
0 0.12144613617030242 0.5912452451649893 0.021847453067673453 0.02998670028896342
0 0.2737357354949673 0.6357969141657349 0.04498005043344534 0.03170022601976136
0 0.27534216586759036 0.6083805024729685 0.023775169514821073 0.0402678546737512
0 0.26056300643945834 0.6130926982326629 0.018634592322427396 0.03598404034675631
0 0.303615340425756 0.6032399252805747 0.02249002521672267 0.04026785467375106
0 0.3026514822021822 0.5681126477992174 0.026988030260067148 0.031700226019761434
0 0.31775192770483884 0.5415529989718498 0.02377516951482118 0.05397606052013444
0 0.3450612440394306 0.5715396992608133 0.02184745306767347 0.028273174558165692
0 0.3816878565352361 0.60709535817487 0.030843463154362497 0.034270514615958377
0 0.38843486410025285 0.6362252955984348 0.026345458111018058 0.02912993742356446
0 0.40803331464625414 0.6452213056851238 0.028273174558165623 0.024846123096569812
0 0.3987160184850404 0.6272292855117455 0.018634592322427396 0.023132597365771872
0 0.41413775006222164 0.610522409636466 0.019919736620525725 0.027416411692766617
0 0.44208963854586275 0.5702545549627148 0.03341375175055937 0.04455166900074588
0 0.44465992714205954 0.6113791725018649 0.024417741663870274 0.030843463154362354
0 0.2133339534843407 0.4010438890464204 0.017992020173378122 0.028273174558165692
0 0.16610490052922317 0.5432665247026476 0.019919736620525798 0.03684080321215525
0 0.18730978144784735 0.5342705146159584 0.02506031381291951 0.056546349116331246
0 0.228755685061522 0.5351272774813575 0.023132597365771872 0.04112461753915
0 0.21269138133529147 0.5334137517505596 0.020562308769575034 0.02741641169276676
0 0.21172752311171766 0.5556895862509326 0.02249002521672267 0.030843463154362497
0 0.21815324460220986 0.5766802764532071 0.02249002521672267 0.026559648827367752
