0 0.2654142039022867 0.4756379479223806 0.027212930512234373 0.036283907349646045
0 0.2805756937591031 0.5103668306713274 0.026435418211884887 0.03732059041677857
0 0.2922383782643464 0.46008770191538945 0.024880393611185773 0.03421054121538042
0 0.2836857429605013 0.4279505268342746 0.03732059041677857 0.04043063961817687
0 0.31867379647623134 0.4486841881769293 0.024880393611185703 0.03421054121538042
0 0.32878145638077555 0.3460525645307881 0.03110049201398219 0.04043063961817694
0 0.40031258801293457 0.2683013344958326 0.03887561501747783 0.04872410415523877
0 0.31867379647623123 0.4092902316258851 0.026435418211884817 0.03213717508111486
0 0.3423879216368927 0.37974476421260195 0.030322979713632563 0.03939395655104413
0 0.3773759751526228 0.3382774415272925 0.024102881310836252 0.03524722428251316
0 0.3513293130909124 0.43468896677063723 0.03265551661468129 0.05390751949090232
0 0.37232214520035056 0.4269138437671418 0.03576556581607946 0.04457737188670784
0 0.3909824404087399 0.40877189009231885 0.029545467413283007 0.03939395655104413
0 0.4022563687638085 0.38026310574616845 0.024102881310836183 0.04043063961817673
0 0.4131415409687021 0.3455342229972217 0.03187800431433175 0.0518341533566371
0 0.4337456169279655 0.3470892475979208 0.01555024600699113 0.030063808946849447
0 0.42091666397219785 0.30458524184547847 0.024102881310836183 0.03835727348391135
0 0.45357218058687915 0.3025118757112129 0.03498805351572997 0.04872410415523884
0 0.47300998809561795 0.32324553705386777 0.030322979713632636 0.04665073802097328
0 0.49594660095592985 0.3372407584601598 0.027990442812583963 0.037320590416778716
0 0.5188832138162418 0.3330940261916288 0.02721293051223448 0.037320590416778716
0 0.5460961443284762 0.34138749072869073 0.030322979713632778 0.04561405495384058
0 0.5729203186905358 0.33931412459442517 0.026435418211884852 0.03317385814824767
0 0.45240591213635467 0.35849276133638097 0.0202153198090884 0.03213717508111493
0 0.4757312811468414 0.3610844690042127 0.02643541821188492 0.03317385814824775
0 0.5359884844239319 0.3776713980783366 0.02721293051223448 0.03317385814824767
0 0.4325793484774412 0.39477666868602684 0.03187800431433175 0.042504005752442356
0 0.46989993889421977 0.4046251578237879 0.02876795511293352 0.03939395655104413
0 0.5134406277137948 0.40721686549161973 0.045873225720623696 0.054944202558035185
0 0.5460961443284762 0.4352073083042038 0.027212930512234407 0.03421054121538042
0 0.5111080908127462 0.4528309204454603 0.03965312731782717 0.059090934826566154
0 0.5328784352225338 0.5502791287559379 0.028767955112933664 0.04043063961817687
0 0.4928365517545316 0.5295454674132831 0.023325369010486697 0.042504005752442356
0 0.494002820205056 0.4849680955265752 0.02721293051223448 0.038357273483911526
0 0.3964250265111868 0.47252789872098233 0.03421054121538042 0.03835727348391139
0 0.42247168857289696 0.4528309204454601 0.020992832109437885 0.027990442812583963
0 0.4419094960816357 0.45179423737832747 0.02254785671013707 0.027990442812584036
0 0.47184371964509353 0.4507575543111948 0.029545467413283077 0.05287083642376984
0 0.3552168745926603 0.5217703444097874 0.0202153198090884 0.026953759745451222
0 0.3699896082993019 0.5150319044734247 0.018660295208389358 0.02591707667831855
0 0.3940924896101381 0.519696978275522 0.02643541821188492 0.043540688819575096
0 0.4333568607777907 0.5145135629398583 0.025657905911535293 0.03939395655104406
0 0.4026451249139832 0.5606459594272653 0.023325369010486624 0.030063808946849447
0 0.42752551852516896 0.5772328885013889 0.02643541821188492 0.04872410415523859
0 0.45629347363810246 0.5751595223671235 0.02488039361118581 0.04250400575244228
0 0.07666666666666667 0.027777777777777776 0.03 0.03333333333333333
