0 0.41819537092097436 0.31961714631890326 0.02643541821188478 0.04354068881957503
0 0.5348222159734076 0.3673045674070093 0.0357655658160796 0.04561405495384051
0 0.4104202479174788 0.378189739611903 0.018660295208389285 0.027990442812583893
0 0.3711558767498262 0.4269138437671418 0.04276317651922547 0.042504005752442356
0 0.2759106199570058 0.3771530565447702 0.026435418211884887 0.030063808946849447
0 0.24325510334232447 0.4492025297104958 0.024880393611185773 0.03524722428251316
0 0.2420888348918001 0.5435406888195751 0.025657905911535293 0.03732059041677864
0 0.2805756937591031 0.519696978275522 0.026435418211884887 0.04146732268530961
0 0.32917021253095025 0.4803030217244779 0.019437807508738983 0.026953759745451222
0 0.3474417515891648 0.49637160926503543 0.026435418211884852 0.03628390734964576
0 0.3964250265111868 0.501555024600699 0.03421054121538042 0.05909093482656622
0 0.4353006415286644 0.5088118060706283 0.02488039361118581 0.030063808946849447
0 0.45901476668932595 0.48652312012727433 0.03498805351572997 0.04146732268530961
0 0.46834491429352065 0.45127589584476113 0.024102881310836183 0.03524722428251316
0 0.4990566501573278 0.4217304284314781 0.023325369010486555 0.0362839073496459
0 0.5219932630176397 0.4222487699650445 0.027212930512234338 0.03524722428251316
0 0.5398760459256796 0.46630780031818586 0.02876795511293345 0.04043063961817687
0 0.5721428063901862 0.4823763878587433 0.027990442812583893 0.03524722428251309
0 0.5978007123017215 0.5316188335475485 0.02488039361118567 0.04250400575244228
0 0.6289012043157037 0.5409489811517432 0.023325369010486697 0.03835727348391139
0 0.5258808245193876 0.5036283907349646 0.022547856710137138 0.027990442812583963
0 0.5153844084646687 0.5316188335475485 0.0202153198090884 0.027990442812583963
0 0.49167028330400653 0.533692199681814 0.027212930512234314 0.05079747028950415
0 0.4504621313854809 0.5539075194909024 0.020992832109437955 0.02695375974545129
0 0.5006116747580271 0.5834529869041856 0.02488039361118581 0.030063808946849447
0 0.5768078801922836 0.5891547437734156 0.03265551661468123 0.0393939565510442
0 0.5449298758779518 0.6409888971300526 0.03421054121538034 0.04561405495384051
0 0.5962456877010224 0.6435806047978845 0.023325369010486697 0.03421054121538042
0 0.6164610075101109 0.681937878281796 0.02021531980908847 0.03006380894684952
0 0.4753425249966666 0.6394338725293536 0.020992832109438028 0.0362839073496459
0 0.3999238318627598 0.571531131632159 0.020992832109437955 0.031100492013982333
0 0.37776473130279753 0.6047049897804065 0.023325369010486697 0.03110049201398226
0 0.28524076756120037 0.627512017257327 0.0326555166146813 0.04146732268530961
0 0.29884723281731757 0.6713714677189211 0.033433028915030825 0.04146732268530954
0 0.33383528633304765 0.6490827817755673 0.020992832109437955 0.027990442812584036
0 0.35249558154143684 0.6786282491888502 0.02876795511293359 0.04354068881957503
0 0.3509405569407378 0.7688196760293988 0.03187800431433175 0.0331738581482476
0 0.38165229280454527 0.8045852418454783 0.02954546741328315 0.042504005752442425
0 0.4368556661293637 0.7807415313014254 0.03576556581607953 0.04665073802097325
0 0.5142181400141443 0.7921450450398855 0.03187800431433182 0.03421054121538049
0 0.42130542012237254 0.7242423041426911 0.03110049201398219 0.041467322685309685
0 0.43957695918058703 0.6791465907224169 0.030322979713632563 0.04043063961817694
0 0.4811738672492883 0.6879583967930452 0.037320590416778716 0.04146732268530954
0 0.5262695806695623 0.7118021073370977 0.031100492013982316 0.04768742108810598
0 0.5554262919326708 0.7320174271461866 0.025657905911535366 0.04043063961817694
