0 0.3832073174052442 0.5150319044734247 0.03887561501747776 0.04665073802097325
0 0.39603627036101197 0.48030302172447775 0.03965312731782731 0.047687421088106134
0 0.4279142746753438 0.4450557974419647 0.03965312731782731 0.03732059041677857
0 0.42169417627254746 0.40877189009231885 0.02721293051223448 0.03317385814824775
0 0.44074322763111146 0.5150319044734247 0.02488039361118581 0.03421054121538049
0 0.4178066147707996 0.6487640201335482 0.041208151918526496 0.06116430096083171
0 0.476508793447191 0.7182217856314418 0.03110049201398219 0.03835727348391131
0 0.5546487796323211 0.6389155309957871 0.03343302891503086 0.03939395655104406
0 0.5542600234821464 0.7068182718929816 0.04043063961817694 0.06531103322936276
0 0.5853605154961287 0.7083732964936807 0.027990442812584036 0.043540688819575166
0 0.6759406984868519 0.774721012790176 0.02721293051223455 0.0331738581482476
0 0.6887696514426196 0.8021931140691937 0.02643541821188492 0.03628390734964597
0 0.7447505370677874 0.7685009143873797 0.02954546741328315 0.060127617893698894
0 0.6965447744461151 0.6969697827552197 0.03887561501747753 0.051834153356636534
0 0.7175376065555531 0.647208995532849 0.02643541821188478 0.035247224282513014
0 0.6701093562342302 0.6539474354692119 0.02488039361118567 0.042504005752442356
0 0.6891584075927943 0.631658749525858 0.019437807508738844 0.02695375974545108
0 0.698877311347164 0.5969298667769112 0.03265551661468138 0.036283907349645685
0 0.7245352172586991 0.5964115252433448 0.02177034440978744 0.02488039361118581
0 0.7540806846719822 0.613516795851035 0.023325369010486555 0.027990442812584036
0 0.76690963762775 0.5663477162964954 0.02876795511293352 0.055980885625167856
0 0.7272565103099226 0.5554625440916016 0.030322979713632636 0.03835727348391131
0 0.7152050696545043 0.5300638089468493 0.027990442812584036 0.037320590416778716
0 0.6444514503226948 0.614035137384601 0.03265551661468122 0.045614054953840154
0 0.6012995176532946 0.5730861562328582 0.030322979713632636 0.03835727348391139
0 0.6211260813122083 0.5622009840279644 0.023325369010486624 0.03317385814824782
0 0.6082971283564406 0.5378389319503449 0.02876795511293352 0.04457737188670777
0 0.6289012043157038 0.5212520028762211 0.03732059041677864 0.04665073802097325
0 0.6456177187732193 0.48496809552657505 0.03187800431433178 0.03835727348391136
0 0.6969335305962899 0.4906698523958052 0.03498805351572997 0.04354068881957503
0 0.7412517317162144 0.46371609265035396 0.025657905911535293 0.03317385814824767
0 0.6681655754833562 0.4492025297104956 0.03498805351572997 0.049760787222371476
0 0.6829383091899979 0.3901115948839295 0.03498805351572997 0.04561405495384051
0 0.6557253786777635 0.41551033002868154 0.03187800431433182 0.03835727348391139
0 0.6390088642202478 0.38544652108183214 0.026435418211884852 0.03421054121538042
0 0.607519616056091 0.34501588146365536 0.027212930512234265 0.03421054121538049
0 0.5433748512772527 0.4797846801909115 0.03110049201398219 0.048724104155238736
0 0.5480399250793501 0.5269537597454511 0.0404306396181768 0.03939395655104413
0 0.4959466009559299 0.501555024600699 0.041985664218876055 0.06323766709509719
0 0.4854501849012109 0.47563794792238057 0.03654307811642909 0.04457737188670784
0 0.4963353571061043 0.5425040057524421 0.02254785671013713 0.035247224282513256
0 0.5134406277137947 0.5492424456888049 0.022547856710137048 0.034210541215380315
