0 0.4455423122446242 0.4451246925054388 0.028145722231081437 0.040359903576645165
0 0.3741159039412192 0.45751589097195267 0.04248410902804757 0.045316382963250634
0 0.32844548673606816 0.44724889795684114 0.025490465416828555 0.048856725382254634
0 0.2878200574779977 0.46565867853566173 0.020711003151173166 0.05168899931745777
0 0.2766679788581353 0.5492107596241552 0.02602151677967907 0.04319217751184823
0 0.32419707583326335 0.515931540885518 0.020179951788322582 0.02903080783583256
0 0.34862543852439076 0.5081427875637091 0.023366259965426153 0.03044694480343402
0 0.34703228443583894 0.5354034241900397 0.028676773593932125 0.02973887631963322
0 0.3815506230211275 0.5531051362850596 0.029738876319633293 0.033987287222437886
0 0.331897320594597 0.573285088073382 0.02708361950538034 0.02903080783583256
0 0.3741159039412193 0.579657704427589 0.023366259965426153 0.02761467086823103
0 0.39642006118094414 0.5223041572397252 0.023366259965426153 0.03752762964144196
0 0.38633008528678286 0.49185721243629105 0.020179951788322582 0.023366259965426225
0 0.41766211569496803 0.48902493850108786 0.029738876319633293 0.03327921873863723
0 0.43067287408480753 0.5315090475291353 0.03345623585958747 0.0417760405442468
0 0.4447457352003482 0.5697447456543783 0.025490465416828412 0.03327921873863723
0 0.47262593175000445 0.5513349650755576 0.023897311328276702 0.03044694480343388
0 0.5132513610080749 0.5053105136285061 0.024428362691127248 0.027614670868230887
0 0.5225447598579603 0.5442542802375496 0.034518338585288647 0.03894376660904356
0 0.4989129742111089 0.5775334989761869 0.023366259965426153 0.0361114926738405
0 0.5018337567067871 0.6164772655852304 0.026021516779679104 0.03186308177103548
0 0.5445833914162599 0.6058562383282186 0.019117849062621345 0.02478239693302761
0 0.3871266623310588 0.6030239643930153 0.016462592248368324 0.026198533900629217
0 0.3480943871615401 0.6175393683109316 0.03292518449673693 0.042484109028047425
0 0.3000342388235614 0.6352410804059514 0.035580441310989815 0.0339872872224381
0 0.26551590023827276 0.6522347240171703 0.024959414053977936 0.029738876319633362
0 0.2992376617792855 0.6989672439480228 0.028676773593932125 0.03681956115764109
0 0.35207727238291964 0.6578992718875765 0.03133203040818515 0.03540342419003949
0 0.3855335082425071 0.6568371691618755 0.031332030408185 0.05735354718786418
0 0.3741159039412193 0.7134826478659388 0.040359903576645095 0.044608314479449976
0 0.33030416650604527 0.746761866604576 0.023897311328276702 0.02903080783583235
0 0.4075721398008067 0.697551106980421 0.023366259965426225 0.026906602384430017
0 0.4431525811117965 0.6869300797234092 0.02973887631963322 0.04814865689845377
0 0.4258934118191522 0.6394894913087562 0.03239413313388631 0.03965183509284437
0 0.49280588353832705 0.6925946275938156 0.021773105876874296 0.0410679720604459
0 0.38128509733970234 0.8051775165181415 0.02602151677967903 0.03398728722243817
0 0.45536676245736013 0.7559667568939865 0.024428362691127317 0.031863081771035695
0 0.49493008898972946 0.749240106297879 0.02708361950538034 0.03540342419003963
0 0.47368803447570573 0.791370181084026 0.028145722231081506 0.04744058841465303
0 0.44633888928890003 0.7892459756326237 0.021242054514023678 0.027614670868230745
0 0.4285486686334052 0.8416430434338824 0.022835208602575534 0.03044694480343395
0 0.48404353605129224 0.8356244613215756 0.031863081771035695 0.03540342419003977
0 0.5259965937164892 0.6600234773389793 0.027614670868230887 0.04390024599564932
0 0.5509560077704672 0.6759550182244971 0.026552568142529723 0.05876968415546585
0 0.5753843704615944 0.6947188330452181 0.022304157239724988 0.02832273935203176
0 0.5772430502315714 0.745699763878875 0.02071100315117313 0.03257115025483642
