0 0.48093101209866235 0.32324553705386777 0.027990442812583963 0.030063808946849378
0 0.5392444346248788 0.3351673923258943 0.043540688819575096 0.04146732268530961
0 0.5532396560311708 0.3755980319440711 0.05131581182307073 0.0393939565510442
0 0.6220494946121065 0.4398723821063011 0.047428250321322876 0.09122810990768108
0 0.6663676957320311 0.4854864370601418 0.02876795511293352 0.06012761789369897
0 0.6683114764829051 0.6114434297167695 0.05442586102446896 0.05079747028950422
0 0.6309908860661264 0.5155502460069911 0.03110049201398226 0.03732059041677857
0 0.6255482999636794 0.5507974702895042 0.04043063961817687 0.047687421088105995
0 0.6049442240044162 0.5834529869041856 0.03498805351572997 0.0362839073496459
0 0.5886164656970756 0.5585725932929998 0.02254785671013721 0.03421054121538056
0 0.5684011458879872 0.5476874210881061 0.024102881310836183 0.0331738581482476
0 0.5687899020381617 0.5777512300349555 0.023325369010486624 0.03939395655104406
0 0.5925040271988231 0.46475277571748674 0.025657905911535366 0.029027125879716707
0 0.5602372667343162 0.46475277571748647 0.031100492013982926 0.03732059041677861
0 0.5330243362220823 0.43468896677063723 0.03265551661468138 0.04561405495384058
0 0.5019238442081001 0.40721686549161973 0.06531103322936253 0.05701756869230067
0 0.4552731061871269 0.35071763833288544 0.04043063961817687 0.03524722428251316
0 0.4832635489997108 0.38751988721609765 0.0373205904167785 0.03421054121538042
0 0.3911283414082885 0.43002389296854004 0.03809810271712827 0.06738439936362817
0 0.41600873501947433 0.43883569903916836 0.024102881310836183 0.03317385814824767
0 0.4354465425282132 0.47356458178811506 0.03343302891503079 0.05909093482656622
0 0.48715111050145865 0.45542262811329215 0.04509571342027421 0.04561405495384051
0 0.3674142162476272 0.504146732268531 0.055980885625168 0.037320590416778716
0 0.4163974911696491 0.5331738581482477 0.03576556581607946 0.058054251759433344
0 0.45449559388677735 0.501555024600699 0.02954546741328315 0.052870836423769704
0 0.487928622801808 0.5088118060706283 0.043540688819575186 0.03421054121538043
0 0.4047348066644058 0.5901914268405483 0.04198566421887598 0.04146732268530961
0 0.38762953605671563 0.6632775830734066 0.0404306396181768 0.059090934826566015
0 0.43700156712891236 0.6326954325929907 0.05364834872411933 0.04561405495384058
0 0.47471091369586577 0.6244019680559287 0.03421054121538042 0.08915474377341581
0 0.4844298174502353 0.5564992271587343 0.03187800431433175 0.042504005752442425
0 0.5155303094642174 0.5492424456888051 0.020992832109438028 0.025917076678318482
0 0.516307821764567 0.5736044977664245 0.019437807508738913 0.029027125879716564
0 0.5376894100241798 0.5689394239643272 0.031100492013982333 0.027990442812583963
0 0.561792291335016 0.615071820451734 0.02488039361118567 0.026953759745451222
0 0.6158293962093099 0.6498007032006811 0.02721293051223448 0.03421054121538049
0 0.5326355800719077 0.6129984543174687 0.030322979713632563 0.035247224282513014
0 0.5062001618600227 0.6451356293985836 0.042763176519225524 0.04976078722237209
0 0.4443879339822331 0.6845295859496278 0.041985664218875965 0.062200984027964534
0 0.505811405709848 0.7394737885076629 0.06842108243076084 0.049760787222371476
0 0.5956140764002216 0.7275519332356365 0.04276317651922547 0.04043063961817665
0 0.5590709982837925 0.7016348565573179 0.03343302891503086 0.04250400575244228
0 0.5174740902150913 0.7083732964936807 0.04509571342027421 0.03110049201398226
0 0.5823963672942789 0.633732115660123 0.0318780043143317 0.029027125879715926
0 0.5800638303932301 0.6591308508048744 0.0505382995227209 0.03213717508111444
0 0.5314693116213829 0.6767544629461321 0.02954546741328299 0.038357273483911554
