0 0.32059631308207814 0.3350481737731738 0.047039494171148014 0.043903527893071954
0 0.37798449597087924 0.33567536702878925 0.043276334637456275 0.0451579144043022
0 0.45654045123669645 0.2992981582031014 0.025401326852419928 0.035122822314457236
0 0.43772465356823714 0.34132010632932697 0.02916448638611186 0.05644739300537768
0 0.47159308937146394 0.3670350298095546 0.031046066152957793 0.07275441765137565
0 0.5623793131217796 0.3645262567870934 0.043276334637456344 0.04014036835937972
0 0.5924845893913145 0.42787277560423953 0.03763159533691855 0.04390352789307159
0 0.3361193461585573 0.3657806432983239 0.025401326852420147 0.032614049291996045
0 0.3474088247596325 0.4002762723571653 0.040453964987188194 0.043903527893072544
0 0.3017805154136193 0.4178376835143945 0.043276334637456275 0.03888598184814903
0 0.15972124301675217 0.6580527004150575 0.03386843580322663 0.04515791440430227
0 0.29707656599650456 0.4924736809326163 0.03575001557007258 0.03763159533691855
0 0.2641489200767009 0.5219517639465356 0.02822369650268886 0.03386843580322662
0 0.2956653811713701 0.5388859818481486 0.02351974708557396 0.030105276269534825
0 0.3624614628944003 0.5050175460449223 0.031046066152957793 0.03763159533691855
0 0.40808977224041354 0.48682894163207735 0.041394754870610895 0.05142984696045513
0 0.2613265504264319 0.5721272243957602 0.030105276269534825 0.03135966278076545
0 0.2665008947852583 0.6430000622802902 0.03292764591980369 0.04014036835937972
0 0.23357324886545464 0.7314343113220485 0.027282906619265895 0.04139475487061034
0 0.2970765659965042 0.6229298781005995 0.03763159533691869 0.06021055253907023
0 0.33753053098369196 0.5608377457946847 0.03386843580322669 0.04892107393799407
0 0.3643430426612463 0.5602105525390695 0.025401326852419998 0.06021055253906944
0 0.4494845271110242 0.5075263190673835 0.03951317510376441 0.06021055253906958
0 0.48476414773938514 0.49560964721069206 0.02916448638611223 0.05644739300537767
0 0.5492082547538583 0.49937280674438456 0.031986856036380615 0.05142984696045524
0 0.5125174493003627 0.5200701841796898 0.03951317510376441 0.05770177951660827
0 0.5694352372474519 0.5495482671936093 0.04609870428772517 0.05393861998291648
0 0.5703760271308745 0.5990965343872185 0.029164486386111788 0.04014036835937972
0 0.5318036419105334 0.5809079299743747 0.0385723852203413 0.05142984696045531
0 0.5327444317939565 0.6260658443786767 0.023519747085573996 0.03135966278076538
0 0.45795163606183087 0.5721272243957602 0.026342116735842892 0.05393861998291662
0 0.48758651738965425 0.6160307522888319 0.034809225686649584 0.07651757718506765
0 0.4358430738013912 0.626693037634292 0.03292764591980358 0.052684233471685854
0 0.3746917313788988 0.620421105078139 0.042335544754033234 0.050175460449224545
0 0.32624105238261636 0.7088553541198975 0.052684233471685854 0.05644739300537765
0 0.27496800373606495 0.7358246641113556 0.03669080545349555 0.0451579144043022
0 0.35775751347728557 0.7577764280578915 0.03669080545349544 0.0413947548706102
0 0.37092857184520683 0.7276711517883563 0.0254013268524198 0.028850889758304122
0 0.41185293177410576 0.6994474552856677 0.030105276269534756 0.07526319067383697
0 0.4894680971565002 0.6713507340575785 0.025401326852419928 0.03763159533691848
0 0.43866544345166036 0.7447323449645696 0.03104606615295772 0.05393861998291655
0 0.48241217303082806 0.7503770842651073 0.026342116735842823 0.0451579144043022
0 0.531333246968822 0.7409691854308779 0.03951317510376434 0.05393861998291655
0 0.5684944473640292 0.757903403332491 0.032927645919803655 0.06773687160645309
0 0.5350964065025139 0.8726797691100924 0.03763159533691848 0.04390352789307159
0 0.4537180815864276 0.833166594006328 0.031046066152957862 0.04264914138184096
