0 0.6075372275260819 0.4692675304748498 0.028223696502688824 0.03386843580322654
0 0.6649254104148826 0.41407452398070277 0.054565813238532004 0.06648248509522275
0 0.7077313501106275 0.3770701218993996 0.03104606615295765 0.035122822314457236
0 0.7655899279411394 0.3845964409667833 0.06021055253906951 0.03763159533691848
0 0.7693530874748313 0.416583297003164 0.022578957202151032 0.026342116735842892
0 0.851201807332629 0.41846487677000993 0.033868435803226474 0.04264914138184103
0 0.8046327081031924 0.44480699350585284 0.0460987042877251 0.032614049291996065
0 0.8079254726951727 0.4924736809326163 0.026342116735843035 0.050175460449224614
0 0.8319156147224582 0.5413947548706102 0.06115134242249241 0.055193006494147025
0 0.8479090427406487 0.5740088041626062 0.042335544754033234 0.04264914138184096
0 0.9067084104545838 0.5871798625305278 0.0451579144043022 0.0388859818481491
0 0.7825241458427528 0.5018815797668458 0.026342116735842892 0.05393861998291648
0 0.751478079689795 0.506271932556153 0.031986856036380545 0.03763159533691848
0 0.6903267372673025 0.47365788326415703 0.03763159533691834 0.035122822314457236
0 0.6329385543785019 0.5175614111572285 0.03386843580322662 0.050175460449224614
0 0.678096468782804 0.5112894786010753 0.039513175103764266 0.035122822314457236
0 0.5727280018394322 0.5758903839294521 0.030105276269534825 0.05393861998291648
0 0.6239932753629803 0.8014751926440801 0.02954546741328315 0.03628390734964583
0 0.7188497760056259 0.8102869987147084 0.049760787222371476 0.05390751949090258
0 0.7658892701767741 0.8025118757112127 0.027212930512234407 0.04250400575244228
0 0.7752194177809687 0.7553427961566733 0.03498805351572997 0.047687421088106134
0 0.8102074712966987 0.7688196760293988 0.02721293051223455 0.03732059041677857
0 0.8401416948601566 0.780223189767859 0.037320590416778716 0.0414673226853094
0 0.8556919408671476 0.6889950798601779 0.041985664218876055 0.04976078722237162
0 0.8140950327984464 0.7035086428000361 0.03965312731782717 0.0725678146992918
0 0.7717206124293958 0.7123204488706645 0.0357655658160796 0.03006380894684952
0 0.7126296776028296 0.7641546022273016 0.02488039361118581 0.02591707667831855
0 0.6617026219299337 0.7522327469552751 0.04120815191852628 0.047687421088106134
0 0.6826954540393717 0.7123204488706645 0.025657905911535293 0.03628390734964583
0 0.687360527841469 0.6853666891252134 0.048983274922021994 0.05701756869230081
0 0.7320674851115686 0.6775915661217178 0.03265551661468138 0.04146732268530954
0 0.7588916594736281 0.6801832737895495 0.027212930512234265 0.03835727348391131
0 0.6465411320731174 0.7138754734713636 0.021770344409787656 0.02695375974545129
0 0.6294358614654272 0.6646330277825585 0.046650738020973324 0.03835727348391146
0 0.7546153418217056 0.5552629642000545 0.02643541821188492 0.043540688819575096
0 0.7829945407844643 0.5780699916769748 0.02254785671013707 0.026953759745451153
0 0.7752194177809687 0.6086521421573906 0.030322979713632493 0.0362839073496459
0 0.806319909794951 0.6045054098888596 0.03654307811642909 0.046650738020973324
0 0.71185216530248 0.600877019153895 0.03110049201398226 0.06427435016222993
0 0.6955244069951394 0.5454144750622935 0.03110049201398226 0.06116430096083178
0 0.6764753556365752 0.6076154590902578 0.033433028915031 0.030063808946849447
0 0.664812671131332 0.5708132102070453 0.03498805351572997 0.055980885625167856
0 0.6477074005236416 0.5905101884825676 0.020992832109438028 0.029027125879716564
0 0.6391547652197965 0.5635564287371164 0.024102881310836252 0.049760787222371476
0 0.6162181523594846 0.5842900900797712 0.04198566421887591 0.03939395655104406
0 0.5823963672942791 0.6179822897615853 0.027212930512234407 0.027990442812583893
0 0.22625607940172052 0.41602867156224804 0.0326555166146813 0.055980885625167925
0 0.2526914976136054 0.5160685875405575 0.024880393611185738 0.03835727348391131
0 0.22625607940172052 0.5430223472860087 0.0326555166146813 0.06116430096083164
0 0.24413886230976026 0.6000399159783094 0.026435418211884887 0.0362839073496459
0 0.20992832109437987 0.5948565006426457 0.02643541821188492 0.0362839073496459
0 0.17105270607690212 0.7031898811580172 0.03732059041677864 0.04561405495384051
0 0.12517948035627835 0.6897130012852916 0.027990442812583984 0.04561405495384051
0 0.14889360551693978 0.7519139853132555 0.0241028813108362 0.053907519490902445
