0 0.5181621886009005 0.6279474241455226 0.05080265370484007 0.06021055253906951
0 0.5713168170142978 0.5583289727722236 0.0385723852203413 0.04641230091553275
0 0.590132614682757 0.4999999999999998 0.02728290661926593 0.035122822314457236
0 0.5614385232383567 0.4592324383850049 0.050802653704839926 0.058956166027839034
0 0.5948365640998718 0.4291271621154699 0.05926976265564623 0.08153512322998978
0 0.6268234201362524 0.40278504537962717 0.03292764591980358 0.04139475487061034
0 0.5477970699287237 0.49435526069946206 0.03669080545349544 0.04641230091553275
0 0.5242773228431495 0.5357500155700721 0.04421712452087924 0.06648248509522268
0 0.48852730727307714 0.5890614422973737 0.04986186382141689 0.06522809858399206
0 0.47629703878857865 0.5313596627807653 0.03669080545349551 0.05268423347168593
0 0.43772465356823714 0.5426491413818407 0.03669080545349551 0.04014036835937972
0 0.4377246535682373 0.5965877613647572 0.032927645919803725 0.047666687426763374
0 0.39209634422222367 0.6141491725219858 0.048921073937994 0.0451579144043022
0 0.3850404200965514 0.5489210739379938 0.0479802840545711 0.07526319067383704
0 0.32624105238261636 0.5589561660278386 0.033868435803226585 0.04014036835937958
0 0.35070158935161333 0.4466885732726987 0.03951317510376434 0.04139475487061034
0 0.37233975667034147 0.4121929442138567 0.026342116735842823 0.04014036835937965
0 0.46453716524579164 0.4836929753540018 0.030105276269534756 0.03763159533691841
0 0.2871982722205634 0.28675429309079525 0.03104606615295772 0.04014036835937969
0 0.36575422748638076 0.2992981582031014 0.03763159533691841 0.052684233471685854
0 0.39068515939708787 0.3720525758544768 0.042335544754033186 0.050175460449225155
0 0.4104417469489714 0.3312850142394821 0.032927645919803725 0.04641230091553275
0 0.38645160492168584 0.2510042775207227 0.028223696502688897 0.05644739300537775
0 0.4015042430564533 0.17009634754634803 0.03198685603638076 0.055193006494147115
0 0.4621851905372343 0.1594340622008878 0.04233554475403331 0.05895616602783896
0 0.484293752797674 0.1845217924255001 0.03575001557007248 0.04641230091553275
0 0.5195733734260345 0.21650864846188056 0.025401326852420403 0.03512282231445721
0 0.5388595660362057 0.20521916986080524 0.01881579766845917 0.030105276269534756
0 0.5901326146827569 0.21462706869503467 0.02540132685242037 0.033868435803226626
0 0.5976589337501408 0.2616665628661829 0.034809225686649584 0.04014036835937976
0 0.6498727722801152 0.27483762123410443 0.03198685603638076 0.038885981848149134
0 0.607537227526082 0.3212499221496372 0.028223696502688755 0.033868435803226654
0 0.5849582703239309 0.36264467702024744 0.0413947548706102 0.061464939050300205
0 0.5473266749870122 0.32438588842771365 0.030105276269534756 0.047666687426763374
0 0.5402707508613402 0.25539463031002985 0.03669080545349544 0.045157914404302134
0 0.5012279706992873 0.26292094937741356 0.050802653704839926 0.050175460449224614
0 0.4527772917030046 0.2553946303100298 0.02728290661926593 0.032614049291995996
0 0.4678299298377721 0.3225043086608678 0.040453964987187306 0.038885981848149065
0 0.5087542897666709 0.36828941632078527 0.031986856036380615 0.052684233471685854
0 0.5402707508613402 0.36264467702024755 0.032927645919803725 0.05393861998291641
0 0.4692411146629065 0.3720525758544771 0.050802653704839995 0.0627193255615309
0 0.44807334228589 0.40027627235716595 0.02728290661926586 0.03888598184814917
0 0.49558323139874944 0.43100874188231586 0.030105276269534756 0.0551930064941471
0 0.4381950485099489 0.43853506094969974 0.05644739300537772 0.06522809858399199
0 0.41326411659924034 0.4604868248962355 0.023519747085573996 0.03386843580322662
0 0.4269055699088733 0.49310087418823156 0.041394754870610416 0.04139475487061027
