0 0.4286917869756934 0.7581340837160522 0.04120815191852636 0.06842108243076084
0 0.46562362124229706 0.7254785671013709 0.03421054121538042 0.06116430096083164
0 0.5274358491200869 0.7493222776454238 0.04898327492202192 0.052870836423769704
0 0.5857492716463032 0.7265152501685037 0.04276317651922547 0.052870836423769704
0 0.6257911551143058 0.6783094875468314 0.02177034440978744 0.03732059041677857
0 0.6012995176532945 0.6451356293985836 0.03498805351572997 0.04146732268530947
0 0.6156834952097613 0.5554625440916017 0.02954546741328315 0.042504005752442425
0 0.6289012043157038 0.5279904428125839 0.02488039361118581 0.03524722428251316
0 0.5919693700490999 0.5305821504804159 0.030322979713632493 0.054944202558035254
0 0.5476511689291753 0.6176635281195659 0.053648348724119256 0.03835727348391139
0 0.5359884844239319 0.6549841185363446 0.0536483487241194 0.03421054121538027
0 0.52199326301764 0.7011165150237517 0.03654307811642901 0.031100492013982402
0 0.49439157635523073 0.6871212936174595 0.027990442812584105 0.042504005752442425
0 0.3439429462375918 0.7234052009671053 0.024102881310836252 0.03213717508111486
0 0.3824298051048949 0.711483345695079 0.046650738020973324 0.041467322685309685
0 0.4146965655694014 0.691786367419557 0.02876795511293352 0.03317385814824775
0 0.4131415409687021 0.6560208016034772 0.07230864393250862 0.0653110332293626
0 0.47689754959736574 0.6674243153419375 0.022547856710136996 0.03421054121538034
0 0.3443317023877666 0.6523924108685129 0.06686605783006172 0.07049444856502646
0 0.3742659259512245 0.5653110332293626 0.04120815191852643 0.05598088562516807
0 0.43841069073006267 0.5761962054342563 0.04198566421887591 0.09641152524334487
0 0.46640113354264684 0.5808612792363537 0.048205762621672366 0.05598088562516807
0 0.46329108434124827 0.5331738581482476 0.02643541821188492 0.04146732268530961
0 0.5352109721235824 0.5673843993636281 0.056758397925517484 0.043540688819575096
0 0.5095530662120471 0.5399122980846105 0.03498805351573005 0.0404306396181768
0 0.3727109013505253 0.5321371750811149 0.022547856710136996 0.031100492013982118
0 0.3388891162853197 0.5627193255615307 0.03887561501747779 0.04043063961817687
0 0.3221726018278043 0.5264354182118848 0.04431820111992461 0.03835727348391139
0 0.3474417515891648 0.41913872076364617 0.03110049201398219 0.08293464537061922
0 0.4279142746753438 0.3310206600573633 0.06764357013041135 0.047687421088105995
0 0.47456501269631707 0.3812997888133012 0.03498805351572997 0.03835727348391131
0 0.5262695806695623 0.3984050594209914 0.029545467413283077 0.11403513738460141
0 0.5783629047929826 0.4149919884951153 0.03576556581607946 0.053907519490902445
0 0.6152947390595866 0.4377990159720355 0.03654307811642894 0.049760787222371476
0 0.58302797859508 0.4937799015972034 0.032655516614681517 0.04146732268530961
0 0.5542600234821464 0.4839314124594425 0.054425861024468745 0.046650738020973324
0 0.5499837058302238 0.4554226281132921 0.03187800431433175 0.0373205904167785
0 0.5010004309082019 0.4979266338657345 0.030322979713632705 0.05805425175943348
0 0.5037217239594254 0.43313394216993795 0.02332536901048662 0.03628390734964588
0 0.48700520950191 0.43468896677063734 0.024102881310836183 0.07464118083355728
0 0.4481295944844322 0.4787479971237788 0.04276317651922554 0.032137175081115
0 0.40342263721433286 0.48393141245944243 0.05131581182307073 0.0715311316321592
0 0.450073375235306 0.43883569903916836 0.048205762621672504 0.05805425175943348
0 0.4391882030304124 0.4025517916895224 0.04043063961817694 0.05805425175943348
0 0.4022563687638085 0.41032691469301796 0.027212930512234338 0.07153113163215906
0 0.40653268641573104 0.40203345015595604 0.06220098402796445 0.042504005752442356
