0 0.4214285714285714 0.18380952380952378 0.03428571428571423 0.08952380952380952
0 0.3950000000000001 0.26476190476190475 0.03571428571428577 0.034285714285714274
0 0.31714285714285717 0.36476190476190484 0.03714285714285708 0.07809523809523804
0 0.36857142857142855 0.4133333333333333 0.028571428571428612 0.06095238095238095
0 0.40214285714285725 0.4876190476190476 0.03285714285714285 0.060952380952380876
0 0.395 0.58 0.06714285714285709 0.05523809523809518
0 0.4671428571428571 0.6133333333333334 0.042857142857142844 0.0380952380952381
0 0.515 0.579047619047619 0.052857142857142915 0.07619047619047613
0 0.5271428571428572 0.6161904761904762 0.02857142857142854 0.05904761904761905
0 0.5792857142857143 0.6504761904761905 0.04142857142857139 0.09333333333333343
0 0.6235714285714287 0.6476190476190475 0.03857142857142854 0.057142857142857155
0 0.6821428571428573 0.7066666666666666 0.07000000000000015 0.05333333333333329
0 0.5957142857142856 0.58 0.05142857142857153 0.04761904761904759
0 0.7107142857142857 0.5704761904761905 0.03 0.04380952380952372
0 0.725 0.5285714285714286 0.03857142857142861 0.04380952380952387
0 0.7628571428571428 0.5314285714285714 0.03428571428571431 0.05333333333333329
0 0.7914285714285714 0.49428571428571433 0.022857142857142777 0.0438095238095238
0 0.8114285714285714 0.5314285714285715 0.03714285714285723 0.04952380952380949
0 0.8057142857142857 0.6028571428571429 0.03428571428571416 0.0742857142857143
0 0.84 0.3819047619047619 0.03142857142857139 0.0438095238095238
0 0.7414285714285714 0.4657142857142857 0.04571428571428569 0.0438095238095238
0 0.6721428571428573 0.43428571428571433 0.041428571428571245 0.0761904761904762
0 0.7328571428571429 0.4161904761904762 0.07142857142857154 0.05523809523809525
0 0.74 0.37714285714285717 0.051428571428571386 0.03428571428571431
0 0.7428571428571428 0.35142857142857137 0.028571428571428612 0.02857142857142854
0 0.4557142857142857 0.4295238095238095 0.05142857142857146 0.04761904761904759
0 0.56 0.4552380952380953 0.06 0.09523809523809533
0 0.48 0.4828571428571429 0.05142857142857142 0.043809523809523826
0 0.455 0.5038095238095238 0.03857142857142861 0.047619047619047665
0 0.5678571428571428 0.34285714285714286 0.03285714285714292 0.0876190476190476
0 0.5707142857142857 0.4057142857142857 0.044285714285714234 0.038095238095238175
0 0.6464285714285714 0.3628571428571428 0.03857142857142861 0.0438095238095238
0 0.7792857142857144 0.3076190476190477 0.055714285714285834 0.03619047619047624
0 0.5878571428571429 0.2819047619047619 0.05857142857142847 0.0876190476190477
0 0.5142857142857143 0.29523809523809524 0.06285714285714278 0.038095238095238064
0 0.49785714285714283 0.26761904761904765 0.03285714285714278 0.03238095238095234
0 0.61 0.13904761904761906 0.03142857142857139 0.057142857142857155
0 0.7249999999999999 0.1380952380952381 0.058571428571428615 0.04
0 0.6714285714285714 0.21047619047619048 0.028571428571428612 0.0780952380952381
0 0.6378571428571429 0.2180952380952381 0.03 0.08571428571428573
0 0.6107142857142857 0.20095238095238094 0.03285714285714278 0.0361904761904762
0 0.5385714285714286 0.22380952380952374 0.04857142857142867 0.06285714285714286
0 0.7585714285714286 0.27904761904761904 0.025714285714285835 0.040000000000000036
0 0.7871428571428573 0.2704761904761905 0.03142857142857124 0.057142857142857155
0 0.7871428571428573 0.2447619047619048 0.04285714285714292 0.06285714285714285
0 0.7135714285714285 0.07809523809523809 0.03571428571428584 0.041904761904761896
