0 0.4993463909324413 0.3105876368041769 0.04703949417114806 0.042649141381840894
0 0.5172213987174774 0.3463376523742495 0.028223696502688897 0.03386843580322669
0 0.594836564099872 0.3262674681945596 0.04233554475403338 0.041394754870610305
0 0.5666128675971831 0.3601359039977862 0.04421712452087931 0.05644739300537772
0 0.5746095816062782 0.44292541373900685 0.03198685603638076 0.03637720882568786
0 0.6503431672218266 0.4987456134887692 0.04609870428772531 0.047666687426763374
0 0.6545767216972298 0.559583359283454 0.06585529183960745 0.04390352789307151
0 0.6785668637245155 0.6091316264770634 0.03669080545349559 0.050175460449224475
0 0.6263530251945411 0.6317105836792146 0.06773687160645317 0.03512282231445717
0 0.6319977644950788 0.6843948171509004 0.031986856036380545 0.04264914138184082
0 0.6644550154731711 0.6831404306396698 0.03669080545349544 0.04264914138184096
0 0.639053688620751 0.7328156731078789 0.034809225686649584 0.0451579144043022
0 0.5985997236335636 0.7610393696105675 0.03669080545349559 0.05393861998291655
0 0.5186325835426121 0.5189427729430588 0.032927645919803725 0.03888598184814917
0 0.5515602294624157 0.7648025291442593 0.029164486386111788 0.04390352789307159
0 0.5727280018394322 0.8068244772704848 0.03763159533691855 0.0351228223144571
0 0.5779023461982583 0.8457104591186337 0.034809225686649514 0.0351228223144571
0 0.42596478002545013 0.49510942922967693 0.05644739300537772 0.05142984696045517
0 0.4146753014243748 0.5998507029174334 0.030105276269534825 0.07024564462891447
0 0.4231424103751813 0.6531621296447345 0.06021055253906951 0.04892107393799392
0 0.3314153967414427 0.5220787392211353 0.03480922568664969 0.0551930064941471
0 0.2636785251349894 0.3784514836852298 0.03480922568664965 0.05142984696045531
0 0.23404364380716608 0.503262941552676 0.04892107393799403 0.04014036835937965
0 0.2439219375831072 0.6036138624511252 0.05174344358826289 0.050175460449224614
0 0.21240547648843802 0.6763682801025008 0.033868435803226654 0.07275441765137572
0 0.23686601345743494 0.6707235408019631 0.030105276269534825 0.03135966278076538
0 0.17242190644296215 0.6958112710265754 0.027282906619265895 0.0413947548706102
0 0.24062917299112685 0.7290525135741868 0.0432763346374562 0.04766668742676344
0 0.29895814576335045 0.7478683112426461 0.06209213230591551 0.06522809858399199
0 0.34740882475963303 0.7415963786864929 0.02728290661926586 0.03763159533691848
0 0.3394121107505378 0.7936534189025636 0.05080265370483996 0.04892107393799407
0 0.28296471774516013 0.8137236030822532 0.048921073937994 0.058956166027839034
0 0.42408320025860435 0.7735832347228738 0.048921073937994 0.04641230091553268
0 0.38268844538799407 0.8795788949218607 0.07526319067383697 0.06021055253906965
0 0.43584307380139137 0.8626446770202473 0.032927645919803655 0.0413947548706102
0 0.46830032477948336 0.8350481737731736 0.028223696502688897 0.06397371207276137
0 0.4301983345008536 0.8055700907592543 0.032927645919803655 0.04264914138184096
0 0.4871161224479426 0.7955349986694091 0.028223696502688824 0.04014036835937972
0 0.5209845582511692 0.7955349986694094 0.03575001557007262 0.05268423347168593
0 0.5261589026099955 0.8331665940063278 0.04421712452087938 0.04264914138184096
0 0.45795163606183104 0.332039182769697 0.031986856036380684 0.03637720882568779
0 0.42314241037518147 0.32200409067985214 0.045157914404302134 0.036377208825687894
0 0.41279372165752887 0.2875084616210101 0.0225789572021511 0.03261404929199596
0 0.425494385083738 0.2799821425536263 0.023519747085573937 0.032614049291996204
