0 0.18439481715090048 0.2666841089111054 0.03010527626953479 0.0451579144043021
0 0.14488164204713608 0.3350481737731739 0.028223696502688824 0.038885981848149065
0 0.11806913036958172 0.4216008430480865 0.03292764591980367 0.04390352789307151
0 0.12418426461183092 0.471776303497311 0.02822369650268884 0.04139475487061034
0 0.09690135799256504 0.5081535123229989 0.03575001557007254 0.04139475487061034
0 0.11900992025300466 0.5420219481262254 0.02351974708557407 0.036377208825688
0 0.1528783560562313 0.44104383397216096 0.03669080545349548 0.0451579144043022
0 0.3241021148392103 0.27107446170041255 0.03104606615295772 0.0514298469604552
0 0.343388307449381 0.33567536702878925 0.030105276269534756 0.0451579144043022
0 0.3937205662125095 0.372052575854477 0.034809225686649584 0.0451579144043022
0 0.4172403132980834 0.41282013746947205 0.02728290661926593 0.04892107393799407
0 0.4205330778900639 0.4629955979186967 0.028223696502688824 0.048921073937994
0 0.4054804397552965 0.5614649390503001 0.04515791440430227 0.04766668742676352
0 0.3824310876114337 0.5062719325561528 0.032927645919803655 0.045157914404302134
0 0.38760543197026026 0.41407452398070277 0.030105276269534683 0.0388859818481491
0 0.36502647476810923 0.44731576652831406 0.024460536968997033 0.03512282231445731
0 0.3626745000595517 0.6699693722717484 0.02728290661926593 0.03637720882568786
0 0.2916448638611181 0.6756141115722862 0.026342116735842927 0.04014036835937958
0 0.2841185447937344 0.7213992192322034 0.03010527626953479 0.0413947548706102
0 0.3767863483108961 0.617912332055678 0.03669080545349544 0.03763159533691855
0 0.3654968697098206 0.5809079299743747 0.03669080545349544 0.04390352789307144
0 0.34762186192478434 0.6210482983337543 0.021638167318728137 0.03386843580322676
0 0.33586198838199705 0.5564473930053775 0.028223696502688824 0.05017546044922469
0 0.36361528994297443 0.4805570090759253 0.025401326852419928 0.03386843580322662
0 0.28552972961886885 0.6047412736877562 0.02728290661926586 0.05393861998291662
0 0.25871721794131447 0.5978421478759879 0.03010527626953472 0.0551930064941471
0 0.23190470626376006 0.5740088041626062 0.03292764591980369 0.055193006494147025
0 0.18815797668459233 0.5765175771850675 0.054565813238531755 0.04264914138184096
0 0.15523033076478868 0.5545658132385317 0.022578957202151084 0.036377208825688
0 0.18110205255892012 0.49874561348876933 0.04798028405457107 0.05519300649414717
0 0.22578957202151081 0.46738595070800387 0.04327633463745624 0.050175460449224614
0 0.1867467918594574 0.4529605058288514 0.034809225686649535 0.04390352789307241
0 0.28835209926913774 0.5087807055786143 0.04045396498718734 0.035122822314457236
0 0.28929288915256074 0.47177630349731103 0.03857238522034141 0.04139475487061027
0 0.3203389553055185 0.4542148923400825 0.031046066152957755 0.05142984696045524
0 0.34244751756595804 0.4466885732726988 0.028223696502688897 0.05644739300537772
0 0.31657579577182643 0.4034122386352425 0.03669080545349541 0.0451579144043022
0 0.28505933467715733 0.3682894163207853 0.031986856036380684 0.06522809858399199
0 0.2812961751434655 0.325013081683329 0.024460536968997033 0.03637720882568779
0 0.2549540584076224 0.3519823916747872 0.03951317510376463 0.06773687160645317
0 0.23049352143862553 0.3833420544555527 0.026342116735842892 0.04264914138184096
0 0.2276711517883566 0.42849996885985475 0.020697377435305135 0.030105276269534756
0 0.3151646109466921 0.5413947548706102 0.01693421790161327 0.025087730224612272
0 0.26718432689212107 0.6680877925049025 0.020697377435305135 0.025087730224612415
0 0.2210856226043959 0.3576271309753251 0.024460536968997 0.03135966278076545
0 0.20462179964449412 0.41156575095824155 0.031046066152957685 0.04139475487061027
