0 0.4680429670029234 0.6631972217345796 0.04421712452087917 0.06397371207276144
0 0.45534230357671335 0.7202718079955727 0.04139475487061027 0.05268423347168593
0 0.4181811031815064 0.7873814863464105 0.02916448638611186 0.031359662780765234
0 0.31892777048038407 0.8212499221496371 0.054565813238531755 0.036377208825688
0 0.25918761288302594 0.7886358728576411 0.029164486386111788 0.0413947548706102
0 0.17075336384126755 0.8105876368041769 0.029164486386111826 0.035122822314457236
0 0.2229672023712419 0.8275218547057901 0.041394754870610305 0.09407898834229612
0 0.22249680742953043 0.7484955044982614 0.029164486386111788 0.05142984696045517
0 0.14064808757173275 0.7403419921752623 0.05550660312195474 0.05519300649414717
0 0.12183228990327351 0.6606884487121184 0.02540132685241998 0.04139475487061034
0 0.1175987354278702 0.6073770219848171 0.02822369650268884 0.04014036835937972
0 0.14676322181398202 0.5653550738585915 0.02634211673584291 0.04139475487061027
0 0.146763221813982 0.5283506717772883 0.054565813238531755 0.047666687426763374
0 0.208384959178186 0.5490480492125935 0.029164486386111788 0.048921073937994
0 0.16134546500703792 0.617412114074662 0.031046066152957703 0.0802807367187593
0 0.18815797668459233 0.6299559791869682 0.03010527626953479 0.055193006494146955
0 0.17498691831667088 0.6625700284789642 0.02822369650268886 0.027596503247073512
0 0.18533560703432347 0.7202718079955724 0.03575001557007255 0.035122822314457236
0 0.22014483272097302 0.7020832035827286 0.05832897277222362 0.03386843580322662
0 0.25448366346591117 0.7328156731078787 0.05174344358826289 0.05017546044922469
0 0.2747106459595048 0.6983200440490367 0.054565813238531755 0.07651757718506773
0 0.3320988288483055 0.717135841717496 0.026342116735842927 0.05644739300537751
0 0.36314489500126224 0.7108639091613422 0.03198685603638061 0.0464123009155313
0 0.34715146698307286 0.680758632891808 0.02446053696899696 0.03135966278076552
0 0.3250429047226332 0.6349735252318908 0.023519747085573996 0.06522809858399206
0 0.2982303930450788 0.6180393073302775 0.04703949417114806 0.04641230091553268
0 0.2747106459595048 0.6305831724425834 0.041394754870610305 0.043903527893071656
0 0.27424025101779337 0.661942835223349 0.06867766148987617 0.07150003114014523
0 0.41347715376439154 0.42988133064568507 0.04986186382141689 0.04390352789307159
0 0.41959228800664095 0.32451286370231336 0.030105276269534756 0.03637720882568786
0 0.30199355257877064 0.28186372232047247 0.03010527626953479 0.04641230091553275
0 0.26153958759158336 0.3445830478820032 0.03763159533691844 0.026342116735842892
0 0.2145000934204348 0.3715523578734612 0.06021055253906945 0.040140368359379834
0 0.25307247864077664 0.3960128948424584 0.03010527626953479 0.05142984696045524
0 0.15381914593965423 0.495109429229677 0.019756587551882154 0.03135966278076538
0 0.1707533638412675 0.5013813617858301 0.034809225686649584 0.03637720882568793
0 0.18580600197603492 0.47127608551629535 0.04233554475403331 0.05142984696045524
0 0.20509219458620553 0.4543418676146819 0.033868435803226495 0.07526319067383687
0 0.21873364789583857 0.4355260699462228 0.03104606615295772 0.030105276269534756
0 0.2507205039322193 0.44493396878045244 0.0216381673187281 0.03135966278076552
0 0.2761218307846392 0.45998660691521975 0.0216381673187281 0.04139475487061034
0 0.2845889397354459 0.5076532943419833 0.02728290661926593 0.061464939050300205
0 0.3151646109466921 0.5001269752745996 0.03386843580322654 0.04892107393799407
0 0.3532666012253221 0.46249537993768103 0.04421712452087917 0.06648248509522268
0 0.38901661679539457 0.4606138001708351 0.03669080545349551 0.06271932556153083
0 0.2949376284530985 0.5452848896789017 0.0705592412567221 0.04641230091553268
