0 0.48500511992182976 0.48489404673606573 0.0326555166146813 0.041763517847347484
0 0.5573137638543385 0.5097744403472515 0.029323321041754655 0.05064937270848532
0 0.580639132864825 0.47289814267352964 0.029323321041754724 0.05509230013905416
0 0.6116285516930431 0.45868077489570935 0.03265551661468138 0.04620644527791633
0 0.6589457288286017 0.4502392127776285 0.04598429890638805 0.050649372708485386
0 0.6732741697921863 0.29295958173548986 0.035987712187608024 0.04531785979180256
0 0.6809382196099176 0.1929937145476899 0.040652785989705224 0.035543419444551104
0 0.6212919188545304 0.32983587940921155 0.03732059041677857 0.04265210333346129
0 0.6322881642451884 0.39425832715246045 0.03265551661468145 0.03998634687512002
0 0.6109621125784578 0.4146957933330773 0.031322638385510755 0.041763517847347414
0 0.5759740590627278 0.42491452642338573 0.03865346864594933 0.042652103333461255
0 0.5586466420835091 0.3982569618399725 0.050649372708485386 0.05153795819459908
0 0.5679767896877038 0.3511619310759419 0.04931649447931487 0.05686947111128142
0 0.6172932841670185 0.2760764574993281 0.04131922510429078 0.03998634687511998
0 0.4610133117967578 0.4413533579164907 0.021992490781315936 0.03287766298620973
0 0.43168999075500325 0.46312370232627825 0.02732400369799862 0.030211906527868423
0 0.48867053505204905 0.39559120538163106 0.026657564583413416 0.037320590416778716
0 0.4883373154947565 0.364046420624592 0.024658247239657243 0.03110049201398226
0 0.5186602952083891 0.35205051656205605 0.03198907750009603 0.0337662484723235
0 0.48333902213536645 0.32761441569392713 0.019993173437559974 0.029323321041754655
0 0.45134994463527056 0.38004095937464 0.027990442812584036 0.052426543680712784
0 0.3757091051298353 0.364046420624592 0.03398839484385199 0.05242654368071285
0 0.6589457288286016 0.11062889302116524 0.02865688192716945 0.036432004930664855
0 0.6069634778909457 0.10352020913225506 0.03931990776053468 0.04709503076403019
0 0.6262902122139203 0.15505816732685412 0.05264869005224135 0.0577580565973955
0 0.6182929428388965 0.21015046746590826 0.04065278598970536 0.05598088562516797
0 0.5699761070314598 0.1781613899658123 0.025324686354242586 0.0346548339584373
0 0.5923018173700684 0.2336979828479234 0.023325369010486697 0.03376624847232353
0 0.5466507380209731 0.16127826572965057 0.030656199270925343 0.03820917590289239
0 0.5269907841407058 0.18971300128529145 0.02865688192716931 0.041763517847347525
0 0.5393199077605345 0.21192763843813586 0.026657564583413347 0.02754615006952708
0 0.5543147878387045 0.25280257079936963 0.02998976015634007 0.043540688819575096
0 0.5656442527866551 0.2883459902439207 0.02199249078131601 0.03110049201398219
0 0.5536483487241189 0.3114492128828788 0.03532127307302268 0.03465483395843723
0 0.5223257103386085 0.28257018458418104 0.024658247239657385 0.04087493236123379
0 0.4750085332030498 0.19149017225751896 0.02865688192716931 0.03465483395843726
0 0.49633458486978044 0.23147651913263897 0.04198566421887598 0.05242654368071285
0 0.43168999075500314 0.20792900375062381 0.03798702953136413 0.04976078722237152
0 0.45634823799466046 0.2443610086812887 0.0393199077605346 0.03909776138900618
0 0.49266916973956115 0.2759057934383278 0.03465483395843734 0.03643200493066484
0 0.4593472140102945 0.2847916482994656 0.026657564583413347 0.03643200493066484
0 0.41369613466119914 0.27990442812583977 0.029989760156339997 0.0586466420835092
0 0.4130296955466139 0.3318866790634958 0.02998976015634007 0.03643200493066491
0 0.4140293542184919 0.3820917590289243 0.021326051666730662 0.026657564583413274
0 0.42036052580705247 0.3625428783344211 0.01932673432297463 0.028434735555640883
0 0.5176606365365112 0.17149699881995895 0.0193267343229747 0.023103222638958202
