0 0.3488334484572475 0.25689782075737244 0.03343302891503086 0.0362839073496459
0 0.32784061634780953 0.3133970479161068 0.04120815191852646 0.04976078722237151
0 0.4055918463827651 0.3387957830608589 0.0380981027171282 0.042504005752442356
0 0.44368994909989307 0.36523120127274383 0.027212930512234407 0.047687421088106065
0 0.48450934486824493 0.37559803194407115 0.03421054121538042 0.04354068881957503
0 0.4223083608402804 0.42276711149861085 0.03421054121538042 0.048724104155238666
0 0.4429124367995436 0.4486841881769293 0.025657905911535366 0.025917076678318482
0 0.4522425844037382 0.4885964862615398 0.03343302891503086 0.04354068881957503
0 0.4950057609229639 0.5767145469678228 0.03187800431433175 0.053907519490902445
0 0.46001770740723386 0.5611643009608316 0.030322979713632705 0.03939395655104406
0 0.4316385084444748 0.5487241041552383 0.03265551661468157 0.04354068881957506
0 0.38148896507192864 0.586044694572017 0.0272129305122344 0.03524722428251274
0 0.37837891587053063 0.5124401968055928 0.03654307811642909 0.04561405495384065
0 0.35699732761091796 0.525398735144752 0.021770344409787513 0.03213717508111493
0 0.41587571832283493 0.46558552113206886 0.034414478867931135 0.035689089196373015
0 0.39325138499299145 0.4468912363149211 0.022305680747733092 0.030590647882605494
0 0.3610674741998336 0.4243731205124476 0.04078753051014061 0.04843519248079197
0 0.3241037746750186 0.4201244194176412 0.02676681689727982 0.03993779029117938
0 0.36807783100626396 0.39080838186347777 0.02676681689727978 0.035689089196373015
0 0.3597928638713917 0.3406737089447633 0.02676681689727978 0.030590647882605494
0 0.22054168548911476 0.3529949421197017 0.03377717370371022 0.04163727072910191
0 0.2460338920579527 0.37253896715581064 0.026129511733058837 0.03144038810156666
0 0.29478773712085515 0.3704146166084074 0.03823830985325682 0.04928493269975327
0 0.2801297183437733 0.41247675744699 0.03313986853948922 0.041637270729101845
0 0.29287582162819226 0.4566632488329756 0.0395129201816987 0.03993779029117938
0 0.18835777469595696 0.38103636934542323 0.030590647882605494 0.03144038810156673
0 0.17784223948631137 0.4477409765338824 0.02740412206150072 0.04248701094806322
0 0.21161941319002153 0.45538863850453365 0.02740412206150072 0.03229012832052803
0 0.14310910803626978 0.4868290266061004 0.025492206568837883 0.028891167444682963
0 0.1784795446505323 0.5233678560214348 0.026129511733058806 0.035689089196372946
0 0.2348810516840861 0.4779067543070072 0.02931603755416358 0.036538829415334394
0 0.23806757750519084 0.539088050072218 0.026766816897279746 0.03653882941533425
0 0.2205416854891148 0.5798755805823587 0.03632639436059392 0.04843519248079197
0 0.24125410332629557 0.6096164882460028 0.03568908919637298 0.04503623160494698
0 0.23105722069876045 0.6504040187561435 0.03059064788260539 0.03483934897741179
0 0.2814043286722152 0.6656993426974462 0.04716058215235009 0.04333675116702437
0 0.2909639061355294 0.5548082441230016 0.035689089196373015 0.044186491385985745
0 0.32410377467501866 0.5764766197065136 0.04206214083858253 0.0569325946704047
0 0.29383177937452365 0.5055233114232481 0.0312279530468264 0.04248701094806315
0 0.33557526763099577 0.5 0.031865258211047305 0.03993779029117931
0 0.35246385448285084 0.48173058529233287 0.026129511733058806 0.03738856963429548
0 0.3502332864080775 0.6193885007640573 0.02676681689727971 0.03568908919637316
0 0.28490950707543045 0.712010184630835 0.0312279530468264 0.04418649138598554
0 0.30912710331582643 0.7171086259446026 0.02103107041929128 0.030590647882605567
0 0.31326958688326256 0.7506733645935723 0.0254922065688379 0.029740907663644265
0 0.7068396244583645 0.7008914429256357 0.04206214083858256 0.061181295765211134
0 0.7339250939377545 0.7365805321220088 0.03250256337526821 0.06627973707897851
0 0.7677022676414649 0.6724251455904334 0.03377717370371016 0.048435192480791756
0 0.8078524929873845 0.6847463787653717 0.06181860092943196 0.05268389357559826
0 0.8024353990915065 0.7365805321220086 0.04843519248079204 0.03738856963429555
0 0.7613292159992554 0.7943628670113745 0.022305680747733023 0.04758545226183074
0 0.7836348967469885 0.8134820219380029 0.027404122061500544 0.06712947729793982
0 0.8202799436896929 0.8160312425948867 0.030590647882605425 0.03823830985325685
0 0.8441788873479784 0.8640415649661981 0.07838853519917649 0.04078753051014061
0 0.8205985962718033 0.9290466917167345 0.04269944600280354 0.051834153356636964
0 0.908546708934294 0.898456043834129 0.07583931454229259 0.033139868539489185
0 0.9413679248916728 0.8376996181783989 0.062455906093652945 0.08157506102028109
0 0.8518265493186297 0.7663214397856528 0.03760100468903588 0.08497402189612614
0 0.8537384648112925 0.7127878059910933 0.04397405633124535 0.045885971823908134
0 0.8731762723200316 0.7578240375960402 0.05608285445144347 0.03229012832052803
0 0.9560259436687548 0.7149121565384963 0.031865258211047374 0.08922272299093251
0 0.9190622441439392 0.9426425352201148 0.030590647882605425 0.04503623160494683
0 0.9840673708944763 0.9087756659231471 0.03186525821104752 0.05838659618536141
0 0.9840673708944763 0.8131798912900052 0.03186525821104752 0.06263529728016763
0 0.9796062347449296 0.7595235180339627 0.02676681689727971 0.03398960875845034
0 0.9936269483577905 0.7711177504514225 0.012746103284419092 0.028286906148687337
0 0.7925571690460816 0.5211713866153286 0.06181860092943168 0.046735712042869505
0 0.9225674225471545 0.46593827238284646 0.02995334271838459 0.13170973393899565
0 0.8827358497833457 0.5611091769065079 0.0395129201816988 0.062031035984172006
0 0.9394560093990095 0.5921246948985939 0.04970980280923386 0.06967869795482351
0 0.9646295633857374 0.5504874241694921 0.01848184976240731 0.04248701094806322
0 0.9856606338050287 0.5884236033747511 0.02867873238994264 0.054987635309516204
0 0.9901217699545753 0.6908172997595833 0.0197564600908494 0.06822469643986678
0 0.9888471596261335 0.7290556096128401 0.02230568074773316 0.039333528995183824
