0 0.4005634531730303 0.40529381840208845 0.024460536968997103 0.03135966278076538
0 0.43443188897625695 0.39024118026732113 0.03951317510376441 0.03637720882568779
0 0.48382335785596225 0.4021578521240118 0.034809225686649584 0.04264914138184096
0 0.5167510037757661 0.41282013746947216 0.032927645919803794 0.04390352789307159
0 0.5468562800453003 0.41219294421385655 0.031046066152957755 0.04766668742676322
0 0.4631259804206573 0.42536400258177826 0.02351974708557407 0.028850889758304136
0 0.4654779551292147 0.4698947237304651 0.028223696502688824 0.03512282231445717
0 0.44007662827679456 0.4548420855956975 0.028223696502688883 0.040140368359379626
0 0.2792015582114682 0.5068991258117682 0.031986856036380684 0.0388859818481491
0 0.3257706574409049 0.5388859818481491 0.02728290661926593 0.03763159533691848
0 0.30131012047190786 0.6097588197326789 0.03292764591980369 0.03637720882568786
0 0.3314153967414427 0.6505263813476738 0.034809225686649584 0.042649141381840894
0 0.3624614628944002 0.6417456757690594 0.03669080545349551 0.04014036835937958
0 0.3478792197013445 0.5482938806823785 0.0206973774353051 0.023833343713381652
0 0.3685765971366496 0.512543865112306 0.026342116735842965 0.035122822314457236
0 0.3629318578361119 0.4761666562866182 0.04703949417114806 0.03763159533691841
0 0.3718693617286298 0.4504517328063904 0.025401326852419998 0.03135966278076538
0 0.4033858228232993 0.4648771776855426 0.03386843580322662 0.050175460449224614
0 0.43866544345166036 0.49623684046630806 0.023519747085573996 0.03512282231445731
0 0.39350752904735814 0.538885981848149 0.03857238522034145 0.06021055253906951
0 0.4292575446174307 0.5602105525390695 0.031046066152957793 0.052684233471685785
0 0.46782992983777205 0.5608377457946847 0.03292764591980358 0.04641230091553275
0 0.5035799454078446 0.5338684358032265 0.047980284054571026 0.04014036835937972
0 0.5543825991126845 0.5025087730224611 0.042335544754033234 0.04014036835937972
0 0.3991522683478958 0.6229298781006001 0.03104606615295772 0.0627193255615309
0 0.42220162049175836 0.6605614734375185 0.03386843580322654 0.03763159533691834
0 0.35305356406017074 0.7013290350525136 0.0460987042877251 0.04390352789307159
0 0.3831588403297054 0.7646755538696596 0.03857238522034137 0.04766668742676344
0 0.4363134687431027 0.7471141427124308 0.0432763346374562 0.05519300649414717
0 0.43443188897625695 0.82614049291996 0.031986856036380684 0.0451579144043022
0 0.5040503403495561 0.7602852010803525 0.031986856036380684 0.068991258117684
0 0.5219253481345922 0.7132457069092044 0.03763159533691862 0.04014036835937958
0 0.5318036419105335 0.814223821063269 0.031046066152957793 0.04892107393799407
0 0.5760207664314126 0.7326886978332791 0.03857238522034145 0.0413947548706102
0 0.5684944473640289 0.7076009676086664 0.023519747085573996 0.028850889758304136
0 0.5496786496955698 0.6931755227295148 0.025401326852419998 0.032614049291995996
0 0.5891918247993341 0.6160307522888316 0.03857238522034137 0.04641230091553283
0 0.6348201341453478 0.5909430220642194 0.026342116735842823 0.028850889758304205
0 0.6432872430961529 0.6292018106567483 0.030105276269532834 0.04766668742676321
0 0.6588102761726333 0.5163070246459976 0.025401326852419855 0.035122822314457236
0 0.614593151651754 0.5031359662780763 0.025401326852419998 0.03637720882568786
0 0.6127115718849077 0.5470394941711474 0.031046066152957554 0.048921073937994004
0 0.5858990602073537 0.5708728378845297 0.031986856036380684 0.03637720882568793
0 0.5741391866645666 0.5363772088256877 0.02728290661926586 0.04014036835937972
0 0.5336852216773791 0.5664824850952224 0.03292764591980358 0.045157914404302134
0 0.49276086174848044 0.5928246018310653 0.03763159533691841 0.06271932556153083
