0 0.3891666666666667 0.034444444444444444 0.03833333333333336 0.05111111111111111
0 0.3441666666666666 0.16 0.04166666666666671 0.062222222222222213
0 0.555 0.33333333333333337 0.060000000000000074 0.04444444444444447
0 0.345 0.26 0.036666666666666715 0.040000000000000036
0 0.285 0.3244444444444444 0.04666666666666672 0.048888888888888926
0 0.3666666666666667 0.2977777777777778 0.04666666666666664 0.03111111111111114
0 0.28318642844877845 0.4035884747566552 0.022547856710137176 0.04354068881957503
0 0.2773550861961568 0.4419457482405666 0.05598088562516789 0.043540688819575096
0 0.29679289370489564 0.5368022488832124 0.03887561501747776 0.06738439936362817
0 0.3166194573638093 0.48444975399300894 0.033433028915030825 0.055980885625167925
0 0.33644602102272303 0.5238437105440531 0.024880393611185738 0.03110049201398226
0 0.33994482637429596 0.6218102603880971 0.027212930512234407 0.040430639618177014
0 0.3636589515349574 0.5984848913776104 0.02488039361118581 0.047687421088106134
0 0.3621039269342583 0.5663477162964954 0.018660295208389358 0.03317385814824767
0 0.39748073660016303 0.6088517220489376 0.020992832109438028 0.04146732268530954
0 0.4068108842043577 0.6653509492076722 0.02410288131083611 0.04457737188670777
0 0.4542391345256806 0.687639635151026 0.025657905911535293 0.06427435016222986
0 0.505554946348751 0.6933413920202562 0.047428250321322876 0.04457737188670777
0 0.5487068790181514 0.6326954325929908 0.021770344409787583 0.0393939565510442
0 0.48184082118808974 0.6295853833915925 0.027990442812583963 0.05805425175943341
0 0.4468527676723596 0.6124801127839022 0.03732059041677863 0.052870836423769677
0 0.503999921748052 0.5679027408971945 0.050538299522721084 0.05079747028950425
0 0.4651243067305741 0.537838931950345 0.045873225720623696 0.04457737188670777
0 0.5557044897212975 0.5440590303531415 0.031100492013982118 0.09433815910907932
0 0.5922475678377266 0.5544258610244689 0.02643541821188478 0.08397132843775196
0 0.5953576170391248 0.48859648626153984 0.02488039361118581 0.03317385814824767
0 0.5316016084104612 0.4289872099014073 0.04043063961817687 0.05079747028950429
0 0.5074987270996251 0.3942583271524605 0.027990442812583893 0.04354068881957503
0 0.44257645002043733 0.32583724472169967 0.05209332412342029 0.07671454696782277
0 0.4705668928330212 0.3932216440853278 0.03498805351572997 0.06634771629649534
0 0.46706808748144824 0.4652711172510532 0.02954546741328315 0.059090934826566154
0 0.42508242326257234 0.5057017568692301 0.027990442812583963 0.044577371886707906
0 0.40370083500295956 0.5253987351447522 0.045873225720623766 0.03835727348391139
0 0.34422114402621856 0.4637160926503541 0.04976078722237151 0.060127617893698894
0 0.3920381504977162 0.45542262811329215 0.03498805351572997 0.08915474377341567
0 0.39126063819736673 0.4543859450461595 0.08008376693600425 0.043540688819575096
0 0.3753216360402007 0.4238037945657436 0.023325369010486697 0.03628390734964597
0 0.3663802445861809 0.388038228749664 0.04431820111992458 0.03524722428251316
0 0.35549507238128697 0.35745607826924813 0.03498805351572997 0.03421054121538042
0 0.3788204413917736 0.35434602906785 0.017882782908039584 0.030063808946849527
0 0.4309137655151939 0.41913872076364633 0.025657905911535293 0.04976078722237162
0 0.44685276767235976 0.3968500348202923 0.027990442812583963 0.0362839073496459
0 0.42430491096222267 0.33672241692659344 0.043540688819575096 0.06323766709509719
0 0.397869492750338 0.3263555862552659 0.046650738020973165 0.040430639618176854
0 0.3733778552893268 0.3351673923258943 0.03498805351572997 0.029027125879716707
