0 0.4180837314285726 0.276092007745335 0.028223696502688824 0.05644739300537768
0 0.45806730147404834 0.2691928819335666 0.02351974708557414 0.03512282231445717
0 0.5102811400040227 0.24159637868649309 0.04139475487061034 0.045157914404302175
0 0.3051889454178171 0.4059210116577037 0.028223696502688897 0.06271932556153076
0 0.3174192139023156 0.34821923214109546 0.026342116735842892 0.042649141381840894
0 0.37857055632480807 0.3475920388854801 0.028223696502688897 0.05644739300537772
0 0.4077350427109199 0.3733069623657077 0.030105276269534756 0.07024564462891447
0 0.45712651159062545 0.3783245084106303 0.029164486386111788 0.06773687160645324
0 0.5220410135468098 0.30306131773679323 0.05738818288880061 0.06021055253906951
0 0.5883667003281284 0.31184202331540756 0.05456581323853179 0.052684233471685896
0 0.6156496069473946 0.3795788949218608 0.0319868560363809 0.04014036835937972
0 0.5624949785339972 0.37267976911009243 0.032927645919803725 0.03888598184814903
0 0.5474423403992297 0.4040394318908579 0.0460987042877251 0.04139475487061034
0 0.554498264524902 0.4542148923400825 0.03951317510376441 0.04641230091553275
0 0.60153775869605 0.42536400258177826 0.04139475487061027 0.05142984696045517
0 0.6659818657105226 0.42348242281493237 0.02351974708557407 0.04264914138184096
0 0.6424621186249487 0.43978944746093035 0.02916448638611172 0.04014036835937972
0 0.6203535563645093 0.4836929753540019 0.03763159533691841 0.06271932556153076
0 0.6264686906067586 0.5363772088256877 0.05926976265564662 0.04264914138184096
0 0.578958801493899 0.5332412425476112 0.030105276269534756 0.04390352789307159
0 0.5385048365067117 0.5181886044128439 0.04892107393799392 0.041394754870610416
0 0.4171429415451496 0.45735085861815894 0.03951317510376434 0.04014036835937972
0 0.3414093559296012 0.6091316264770634 0.04986186382141696 0.047666687426763305
0 0.3813929259750769 0.5890614422973734 0.04139475487061027 0.03763159533691848
0 0.4162021516617266 0.5395131751037643 0.04139475487061027 0.04892107393799392
0 0.46230085594945164 0.5614649390503001 0.04703949417114806 0.055193006494147025
0 0.5168666691879835 0.5783991569519135 0.031986856036380684 0.05644739300537772
0 0.4077350427109199 0.63233777693483 0.030105276269534683 0.03637720882568779
0 0.39503437928470986 0.6762413048279012 0.029164486386111788 0.04139475487061034
0 0.41526136177830364 0.6831404306396698 0.02446053696899696 0.045157914404302064
0 0.3795113462082311 0.7765922257263504 0.03575001557007248 0.06397371207276137
0 0.4035014882355166 0.7257895720215106 0.03669080545349544 0.04014036835937972
0 0.4914653423355635 0.7703202931701977 0.03951317510376434 0.05393861998291641
0 0.5540278695831905 0.7289255382995873 0.040453964987187375 0.03888598184814896
0 0.505577190586908 0.7264167652771261 0.04327633463745613 0.0388859818481491
0 0.500873241169793 0.6938027159851299 0.026342116735842892 0.033868435803226335
0 0.5704916925430923 0.6643246329712106 0.022578957202151032 0.03261404929199614
0 0.5798995913773219 0.6166579455444472 0.045157914404302064 0.055193006494147025
0 0.594952229512089 0.5815351232299898 0.028223696502688966 0.03261404929199593
0 0.5234521983719442 0.6273202308899072 0.03951317510376448 0.03386843580322662
0 0.5079291652954654 0.6599342801819035 0.02916448638611186 0.03888598184814896
0 0.4392515038055892 0.6931755227295148 0.03669080545349551 0.06271932556153076
0 0.44960019252324174 0.6266930376342921 0.023519747085573996 0.035122822314457236
0 0.4740607294922387 0.6593070869262881 0.03669080545349537 0.04264914138184103
0 0.4519521672317992 0.6536623476257504 0.02446053696899696 0.03386843580322676
