0 0.3052132322196627 0.47926633865734514 0.026435418211884887 0.03732059041677864
0 0.3755780954012974 0.4709728741202832 0.053648348724119256 0.05805425175943348
0 0.4222288334222708 0.4606060434489559 0.050538299522721104 0.06220098402796438
0 0.44205539708118424 0.5057017568692299 0.04820576262167223 0.02799044281258412
0 0.3814094376539191 0.5228070274769202 0.049760787222371546 0.043540688819575096
0 0.2787778140077778 0.5290271258797167 0.04198566421887598 0.04561405495384051
0 0.27916657015795265 0.5622009840279644 0.05364834872411922 0.04976078722237169
0 0.3230960151277026 0.5803429377027873 0.04198566421887598 0.030063808946849447
0 0.25000985889484434 0.619218552720265 0.04198566421887598 0.0393939565510442
0 0.32581730817892596 0.6202552357873978 0.036543078116429054 0.0352472242825133
0 0.2912180108133708 0.6383971894622208 0.043540688819575096 0.044577371886707906
0 0.23562588133837756 0.7016348565573179 0.03654307811642901 0.05701756869230081
0 0.2745014963558553 0.6834929028824949 0.038098102717128234 0.0393939565510442
0 0.2958830846154681 0.7016348565573179 0.04509571342027417 0.05494420255803533
0 0.37207929004972456 0.6653509492076719 0.024880393611185738 0.03835727348391146
0 0.3102670621719346 0.7363637393062646 0.045873225720623696 0.07671454696782272
0 0.29704935306599234 0.8353669722174412 0.02099283210943799 0.03835727348391131
0 0.31998596592630424 0.7856061849950697 0.026435418211884804 0.03421054121538035
0 0.3440888472371405 0.8353669722174414 0.03110049201398219 0.03835727348391131
0 0.4576056430881756 0.5383572734839114 0.07464118083355728 0.0393939565510442
0 0.4719896206446423 0.57567786390069 0.045873225720623835 0.037320590416778716
0 0.42261758957244555 0.579824596169221 0.03421054121538042 0.060127617893698894
0 0.40240226976335713 0.5787879131020882 0.023325369010486697 0.03317385814824767
0 0.3954046590602111 0.6072966974482387 0.049760787222371546 0.06116430096083171
0 0.4377790794292619 0.6109250881832032 0.04276317651922547 0.05390751949090258
0 0.4513855446853791 0.6368421648615217 0.021770344409787583 0.029027125879716776
0 0.5135865287133434 0.6368421648615217 0.048205762621672435 0.043540688819575235
0 0.505811405709848 0.6824562198153623 0.027990442812584036 0.031100492013982118
0 0.472378376794817 0.6596491923384419 0.027990442812583963 0.041467322685309685
0 0.4354465425282132 0.6751994383454332 0.027212930512234338 0.03939395655104406
0 0.47160086449446753 0.72703359170207 0.04198566421887598 0.03939395655104391
0 0.3911283414082885 0.691786367419557 0.061423471727614753 0.04146732268530954
0 0.3506977017901117 0.7151117364300436 0.03187800431433175 0.03835727348391131
0 0.3433113349367909 0.7550240345146543 0.024880393611185738 0.043540688819575166
0 0.3817981938040939 0.7244418840342383 0.04587322572062389 0.05701756869230053
0 0.4140649542686004 0.7410288131083621 0.02488039361118581 0.052870836423769704
0 0.3911283414082886 0.7596891083167514 0.030322979713632636 0.03628390734964583
0 0.5065889180101975 0.7612441329174504 0.05131581182307073 0.06842108243076084
0 0.46032693613939896 0.7664275482531141 0.02254785671013721 0.04561405495384051
0 0.4622707168902728 0.8218900923447156 0.026435418211884852 0.03421054121538049
0 0.43039271257594114 0.7762760373908748 0.03732059041677865 0.04457737188670788
0 0.3786881446026957 0.7928629664649991 0.050538299522721104 0.05079747028950436
0 0.3810206815037443 0.8421054121538043 0.03343302891503086 0.03317385814824746
0 0.41600873501947433 0.8436604367545031 0.04742825032132307 0.059090934826565994
0 0.43661281097873755 0.8058215048041584 0.0202153198090884 0.031100492013982118
