0 0.5040503403495561 0.7082281608642822 0.04139475487061034 0.0451579144043022
0 0.42596478002545024 0.8430747108215733 0.030105276269534756 0.03386843580322662
0 0.40761937729870246 0.7282983450439718 0.0460987042877251 0.05268423347168593
0 0.4142049064826633 0.6894123631958229 0.03669080545349559 0.0351228223144571
0 0.46688913995434916 0.6411184825134442 0.04233554475403331 0.0388859818481491
0 0.5040503403495561 0.6022325006652952 0.03763159533691862 0.04139475487061027
0 0.5741391866645665 0.5539386199829164 0.021638167318728065 0.030105276269534756
0 0.5567345738212418 0.5646009053283767 0.022578957202151174 0.028850889758304063
0 0.5694352372474519 0.5921974085754502 0.032927645919803655 0.03888598184814903
0 0.5934253792747375 0.47428507651977236 0.05456581323853186 0.05393861998291641
0 0.5238069279014382 0.5156798313903826 0.024460536968997033 0.05142984696045524
0 0.5336852216773794 0.2334428663634941 0.03292764591980358 0.06899125811768382
0 0.5891918247993341 0.3488464253967108 0.047980284054571026 0.04390352789307151
0 0.44383978781048655 0.29804377169187085 0.030105276269534825 0.03763159533691844
0 0.47159308937146394 0.31184202331540756 0.029164486386111788 0.032614049291995996
0 0.5214549531928809 0.34696484562986485 0.031046066152957793 0.052684233471685854
0 0.5332148267356679 0.42787277560423953 0.0225789572021511 0.0388859818481491
0 0.49464244151532655 0.39839469259032 0.05644739300537772 0.052684233471685715
0 0.4969944162238839 0.3551183579528638 0.02728290661926586 0.03637720882568786
0 0.47159308937146394 0.3507280051635566 0.03104606615295772 0.0451579144043022
0 0.4123233267158174 0.3808332814330915 0.04421712452087917 0.05268423347168593
0 0.3878627897468203 0.4310087418823161 0.02728290661926586 0.047666687426763305
0 0.40197463799816474 0.4548420855956977 0.019756587551882206 0.025087730224612272
0 0.4513661068778697 0.46675875745238793 0.045157914404303195 0.04139475487060918
0 0.46924111466290647 0.5037631595336918 0.06021055253906965 0.04014036835937958
0 0.35916869830242004 0.439162254205315 0.024460536968997033 0.03888598184814903
0 0.32200749790721306 0.44104383397216096 0.029164486386111788 0.08278950974122054
0 0.2956653811713701 0.4667587574523886 0.025401326852419893 0.03637720882568786
0 0.25662260100931716 0.481811395587156 0.028223696502688824 0.03386843580322662
0 0.20911271189645764 0.481811395587156 0.025401326852419998 0.04641230091553275
0 0.2509778617087794 0.5175614111572284 0.04327633463745624 0.030105276269534756
0 0.25662260100931716 0.5658552918396071 0.022578957202151032 0.05644739300537758
0 0.2853166924537175 0.5890614422973737 0.025401326852419928 0.08529828276368186
0 0.30507328000559975 0.6266930376342921 0.019756587551882206 0.06021055253906958
0 0.33517855627513427 0.5420219481262252 0.025401326852419782 0.06146493905030033
0 0.21993179555582165 0.6292018106567534 0.05644739300537765 0.047666687426763374
0 0.19453046870340165 0.6812588508728237 0.03010527626953479 0.03637720882568786
0 0.34129369051738373 0.657425507159442 0.043276334637456275 0.0413947548706102
0 0.3610502780692659 0.5445307211486867 0.024460536968997033 0.07150003114014516
0 0.3878627897468203 0.5137982516235367 0.025401326852419998 0.030105276269534756
0 0.3888035796302431 0.5752631906738367 0.02728290661926586 0.06021055253906944
0 0.4142049064826632 0.5137982516235367 0.02728290661926586 0.050175460449224545
0 0.43725425862652584 0.5200701841796898 0.028223696502688824 0.04014036835937972
0 0.4245535952003159 0.5501754604492245 0.04421712452087917 0.032614049291996065
0 0.4424286029853521 0.5928246018310653 0.032927645919803655 0.05017546044922469
0 0.4730042741965984 0.5765175771850675 0.026342116735842965 0.04014036835937972
