0 0.4670048053665666 0.1958112710265756 0.043276334637456275 0.06397371207276141
0 0.4867613929184488 0.14375423081050506 0.03575001557007255 0.045157914404302134
0 0.5234521983719442 0.10110508942866415 0.03763159533691841 0.07777196369629817
0 0.564376558300843 0.11051298826289377 0.047980284054571026 0.06899125811768386
0 0.2722612994980135 0.24222357194210845 0.03010527626953479 0.036377208825687825
0 0.2783764337402628 0.3018069312255627 0.04798028405457114 0.06522809858399203
0 0.40538306800236257 0.3714253825988618 0.03857238522034152 0.048921073937994
0 0.4909949473938521 0.3055700907592545 0.02916448638611186 0.04014036835937972
0 0.44865940263981874 0.4874561348876938 0.042335544754033234 0.04515791440430227
0 0.4994620563446588 0.4918464876770009 0.031046066152957793 0.04892107393799392
0 0.5333304921478853 0.5602105525390695 0.034809225686649584 0.050175460449224614
0 0.44583703298954996 0.5683640648620684 0.042335544754033234 0.05393861998291648
0 0.3926824045761525 0.5100350920898448 0.03575001557007262 0.047666687426763305
0 0.3889192450424608 0.5614649390503 0.03763159533691848 0.052684233471685715
0 0.39550477422642144 0.6436272555359054 0.028223696502688824 0.04390352789307144
0 0.3433883074493809 0.5809079299743745 0.028223696502688755 0.03386843580322662
0 0.3419771226242465 0.6059956601989869 0.02916448638611186 0.03386843580322662
0 0.3697304241852239 0.6599342801819035 0.04139475487061034 0.05895616602783875
0 0.3626745000595517 0.710109740631128 0.03857238522034145 0.04641230091553283
0 0.38948701173710604 0.7734562594482739 0.026342116735842965 0.04014036835937972
0 0.4181811031815064 0.7928992503723487 0.034809225686649514 0.05393861998291641
0 0.4101843891724113 0.8687896343018008 0.03575001557007262 0.06021055253906951
0 0.4581646732269823 0.8825878859253377 0.03763159533691848 0.04766668742676316
0 0.3546777860504565 0.8556185759338795 0.03951317510376434 0.05142984696045502
0 0.31422382106326924 0.8173597873413456 0.03575001557007255 0.04264914138184096
0 0.30246394752048206 0.748995722479277 0.053625023355108825 0.06146493905030013
0 0.28647051950229174 0.7107369338867433 0.04045396498718734 0.052684233471685785
0 0.24272378992312413 0.7339430843445097 0.031986856036380684 0.06146493905029999
0 0.2422533949814126 0.8104606615295773 0.025401326852419963 0.04390352789307159
0 0.2812961751434655 0.8769431466247997 0.03951317510376441 0.05142984696045531
0 0.1279474241455228 0.6216754915893696 0.06209213230591544 0.07024564462891454
0 0.14205927239686722 0.5119166718566908 0.03951317510376441 0.04641230091553275
0 0.16557901948244122 0.40215785212401195 0.03010527626953472 0.0451579144043022
0 0.1919211362182842 0.4172104902587793 0.03198685603638072 0.035122822314457236
0 0.2206152276626845 0.3714253825988618 0.042335544754033234 0.03888598184814903
0 0.24648694945681598 0.4103113644470109 0.0470394941711481 0.05142984696045524
