0 0.43861005615780085 0.5948565006426457 0.025657905911535436 0.03835727348391131
0 0.485649550328949 0.6383971894622207 0.026435418211884994 0.03628390734964576
0 0.5136399931415331 0.6109250881832031 0.029545467413283077 0.03317385814824775
0 0.5396866552032431 0.579824596169221 0.02721293051223448 0.060127617893698894
0 0.49886725943489113 0.554944202558035 0.03576556581607953 0.03110049201398219
0 0.46271293746863706 0.5627193255615307 0.030322979713632705 0.03006380894684952
0 0.4024557341915465 0.5471690795545398 0.027990442812583963 0.030063808946849447
0 0.4172284678981882 0.4932615600636372 0.026435418211884852 0.04043063961817673
0 0.39157056198665274 0.5025917076678319 0.02488039361118588 0.03835727348391139
0 0.48914835568052184 0.5145135629398583 0.03187800431433182 0.037320590416778716
0 0.4794294519261525 0.4844497539930089 0.03421054121538034 0.0331738581482476
0 0.5015885524861149 0.4424640897741328 0.025657905911535224 0.03213717508111493
0 0.539686655203243 0.4258771607000091 0.03654307811642909 0.03835727348391139
0 0.6081077376340037 0.4585326773146904 0.0380981027171282 0.03524722428251309
0 0.6399857419483355 0.4186203792300798 0.03187800431433175 0.03835727348391139
0 0.6784726008156386 0.3761163734776375 0.029545467413283007 0.042504005752442356
0 0.6699199655117936 0.43987238210630103 0.037320590416778716 0.0393939565510442
0 0.5952787846782361 0.3688595920077083 0.037320590416778716 0.046650738020973324
0 0.6189929098388973 0.3216905124531686 0.04276317651922569 0.05598088562516794
0 0.6364869365967627 0.2807415313014255 0.029545467413283077 0.032137175081114966
0 0.5521268520088359 0.21232044887066462 0.03654307811642909 0.06116430096083164
0 0.47787442732545343 0.2527510884888414 0.02488039361118581 0.040430639618176833
0 0.5377428744523691 0.27659479903289447 0.029545467413283077 0.04457737188670773
0 0.5735084402684487 0.3154704140503723 0.03887561501747783 0.037320590416778605
0 0.5525156081590107 0.36678622587344295 0.029545467413283077 0.042504005752442356
0 0.4914808925815706 0.3056219249126112 0.03498805351572997 0.04457737188670784
0 0.4432751299598982 0.21854054727346103 0.03343302891503086 0.04457737188670784
0 0.4452189107107722 0.3434608568629561 0.029545467413283077 0.06842108243076084
0 0.49070338028122107 0.3704146166084075 0.02876795511293359 0.055980885625168
0 0.4965347225338428 0.41032691469301796 0.043540688819575096 0.042504005752442425
0 0.4545490583149667 0.4263955022335755 0.02954546741328315 0.04561405495384058
0 0.3981794165396241 0.40825354855875245 0.024102881310836252 0.054944202558035254
0 0.41956100479923686 0.3673045674070093 0.02488039361118581 0.03732059041677864
0 0.4102308571950421 0.32428222012100055 0.026435418211884852 0.04043063961817697
0 0.40673205184346917 0.25119606388814236 0.03654307811642909 0.03317385814824767
0 0.37329902292843825 0.31236036484897406 0.02254785671013707 0.031100492013982156
0 0.34414231166532994 0.32687392778883234 0.023325369010486697 0.03939395655104406
0 0.34880738546742734 0.3683412504741419 0.021770344409787513 0.026953759745451222
0 0.3744652913789626 0.42276711149861085 0.02488039361118581 0.03628390734964597
0 0.5785622702207208 0.49688995079860165 0.027212930512234407 0.03110049201398219
0 0.5777847579203713 0.5228070274769202 0.04120815191852643 0.03524722428251309
0 0.6119952991357517 0.5782695715685219 0.024102881310836183 0.032137175081115
0 0.5983888338796345 0.6036683067132739 0.023325369010486697 0.026953759745451222
0 0.5941125162277119 0.5533891779573361 0.020992832109438028 0.027990442812583893
0 0.5805060509715947 0.5704944485650263 0.017105270607690244 0.026953759745451222
0 0.5688433664663514 0.5523524948902033 0.021770344409787513 0.027990442812583963
