0 0.31683315354838676 0.39400433980101285 0.04703949417114803 0.04641230091553268
0 0.37751410102916777 0.3707981893432465 0.034809225686649584 0.032614049291995996
0 0.38598120997997426 0.33818414005125036 0.021638167318728065 0.030105276269534756
0 0.42549438508373877 0.3519823916747872 0.019756587551882133 0.030105276269534756
0 0.45607005629498465 0.34759203888547985 0.02257895720215154 0.033868435803226925
0 0.433491099092834 0.38522363422239864 0.0225789572021511 0.028850889758304205
0 0.4508957119361586 0.4046666251464731 0.025401326852419998 0.032614049291995996
0 0.48711612244794283 0.36201748376463216 0.030105276269534756 0.03763159533691841
0 0.52757008743513 0.4247368093261627 0.0357500155700728 0.04766668742676332
0 0.5355668014442251 0.4673859507080036 0.040453964987187604 0.04766668742676336
0 0.49558323139874944 0.4648771776855426 0.030105276269534756 0.04014036835937979
0 0.48487160428947484 0.496236840466308 0.02518641375224059 0.047666687426763235
0 0.4612444006538113 0.47240349675292637 0.017875007785036274 0.027596503247073512
0 0.4438397878104863 0.4623684046630812 0.024460536968997033 0.032614049291995996
0 0.41467530142437475 0.488083328143309 0.028223696502688824 0.031359662780765234
0 0.41138253683239434 0.4466885732726986 0.02351974708557407 0.028850889758304136
0 0.39774108352276144 0.41344733072508744 0.03763159533691841 0.047666687426763374
0 0.36622462242809206 0.4184648767700098 0.023519747085573996 0.027596503247073512
0 0.3182443383735211 0.43728067443846896 0.02351974708557407 0.035122822314457236
0 0.3652838325446692 0.4441798002502374 0.02728290661926586 0.03637720882568779
0 0.34646803487621 0.4943552606994621 0.04421712452087924 0.04641230091553283
0 0.2970765659965045 0.5181886044128438 0.020697377435305135 0.023833343713381652
0 0.28860945704569785 0.5376315953369183 0.03951317510376438 0.04264914138184096
0 0.3168331535483866 0.5664824850952224 0.03386843580322654 0.04264914138184096
0 0.3173035484900981 0.6310833904235991 0.03669080545349555 0.04390352789307159
0 0.3281226321494622 0.6718509520385942 0.03010527626953472 0.04014036835937972
0 0.3643430426612463 0.6498991880920585 0.021638167318728137 0.028850889758304063
0 0.3300042119163082 0.7220264124878191 0.033868435803226585 0.03763159533691848
0 0.3568167235938626 0.7044650013305901 0.02728290661926593 0.04014036835937972
0 0.3986818734061844 0.6649518262268258 0.03763159533691848 0.036377208825687714
0 0.3986818734061844 0.7050921945862055 0.03386843580322662 0.0413947548706102
0 0.4537180815864276 0.7170088664428963 0.03669080545349551 0.03763159533691848
0 0.3718693617286298 0.5852982827636813 0.03292764591980358 0.052684233471685854
0 0.418908855899778 0.6028596939209102 0.019756587551882206 0.030105276269534756
0 0.442898997927063 0.6066228534546017 0.01881579766845915 0.027596503247072978
0 0.4461917625190439 0.6486448015808278 0.0385723852203413 0.03637720882568786
0 0.481471383147405 0.6505263813476736 0.026342116735842965 0.03763159533691848
0 0.5115766594169399 0.646763221813982 0.026342116735842892 0.032614049291995996
0 0.433491099092834 0.6749869183166708 0.0225789572021511 0.028850889758303994
0 0.4819417780891166 0.5896886355529888 0.03104606615295772 0.03386843580322654
0 0.5078134998832479 0.5758903839294517 0.030105276269534565 0.03637720882568768
0 0.5445043053367435 0.5646009053283766 0.04703949417114814 0.04390352789307151
0 0.44289899792706366 0.5420219481262256 0.026342116735842892 0.03135966278076538
0 0.40197463799816474 0.538885981848149 0.04421712452087924 0.05268423347168593
0 0.4127937216575288 0.5583289727722236 0.030105276269534756 0.03386843580322669
0 0.36387264771953476 0.7728290661926587 0.02446053696899696 0.028850889758304136
