0 0.3972025388115364 0.4948165846643363 0.03421054121538034 0.04561405495384065
0 0.3719333890501759 0.5487241041552389 0.0380981027171282 0.04354068881957495
0 0.445019545283034 0.45386760351259314 0.02721293051223455 0.048724104155238805
0 0.47767506189771536 0.49688995079860176 0.02410288131083611 0.03317385814824782
0 0.4971128694064542 0.4740829233216815 0.03343302891503072 0.06427435016222986
0 0.5301571421713102 0.44194574824056654 0.027990442812584105 0.0331738581482476
0 0.5783629047929827 0.4403907236398675 0.02954546741328315 0.04665073802097325
0 0.6518378171760157 0.4994816584664336 0.041208151918526496 0.048724104155238736
0 0.6829383091899979 0.6026316236461412 0.03343302891503086 0.049760787222371476
0 0.6708868685345797 0.6809011952146631 0.0357655658160796 0.059090934826566154
0 0.38087478050419565 0.7591707667831851 0.026435418211884852 0.0393939565510442
0 0.38359607355541925 0.732217007037734 0.020992832109438028 0.029027125879716776
0 0.41936163937149873 0.8332936060831758 0.03343302891503093 0.038357273483911596
0 0.4162515901701005 0.7591707667831851 0.0380981027171282 0.06220098402796452
0 0.42519298162412045 0.7208134932992735 0.024880393611185738 0.031100492013982118
0 0.4516283998360052 0.7627991575181496 0.024880393611185738 0.032137175081115
0 0.466012377392472 0.8229267754118486 0.030322979713632563 0.042504005752442425
0 0.4959466009559298 0.8602473658286272 0.027990442812584036 0.04250400575244228
0 0.5803066855438567 0.8478071690230342 0.03187800431433175 0.04665073802097325
0 0.5597026095845934 0.7881978926629017 0.023325369010486624 0.04561405495384051
0 0.579529173243507 0.7980463818006628 0.01943780750873877 0.03006380894684952
0 0.61801603211081 0.7358453977726984 0.04354068881957503 0.03628390734964597
0 0.6417301572714714 0.7830144773272381 0.022547856710137138 0.03317385814824775
0 0.6145172267592369 0.7814594527265389 0.030322979713632636 0.04043063961817694
0 0.593524394649799 0.7659092067195473 0.025657905911535366 0.04250400575244228
0 0.5978007123017215 0.7104466626279463 0.021770344409787656 0.029027125879716634
0 0.5445411197277771 0.7389554469740967 0.025657905911535293 0.03835727348391146
0 0.511496846962921 0.7135567118293443 0.05131581182307059 0.04561405495384051
0 0.4702886950443946 0.6938597335538222 0.029545467413283077 0.04146732268530954
0 0.4986678940071531 0.6456539709321498 0.03187800431433167 0.052870836423769774
0 0.4259704939244699 0.6803828536810969 0.023325369010486697 0.03317385814824775
0 0.45123964368583047 0.6394338725293536 0.020992832109438028 0.030063808946849447
0 0.3987575634122355 0.6736444137447338 0.027990442812584036 0.052870836423769704
0 0.3703783644494767 0.6492823616671146 0.02254785671013707 0.055980885625168
0 0.4189728832213239 0.5958931837097782 0.04354068881957503 0.046650738020973324
0 0.43219059232726637 0.5305821504804158 0.03110049201398219 0.0404306396181768
0 0.4508508875356557 0.5476874210881063 0.027990442812583963 0.03110049201398226
0 0.49322530790470637 0.5461323964874069 0.03809810271712827 0.05701756869230053
0 0.5126631154134452 0.585526353038451 0.03187800431433182 0.04457737188670777
0 0.5460961443284762 0.5228070274769203 0.024102881310836325 0.0373205904167785
0 0.5818617101445556 0.4911881939293717 0.03498805351572997 0.03421054121538034
0 0.5748640994414097 0.5326555166146814 0.030322979713632563 0.052870836423769774
0 0.6285124481655291 0.5746411808335573 0.030322979713632778 0.03317385814824753
0 0.590025589298226 0.5725678146992919 0.026435418211884852 0.03317385814824767
0 0.49516908865558024 0.8232455370538676 0.021770344409787513 0.027990442812583893
0 0.5095530662120471 0.8325756846580624 0.020992832109437955 0.03006380894684952
