0 0.2594061543086767 0.29137824227535364 0.03212860745246097 0.07796542075130528
0 0.23306069619765868 0.3110837881795298 0.02698803026006722 0.04026785467375106
0 0.29603276680448215 0.2896647165445558 0.024417741663870344 0.041981380404549
0 0.2610125846812997 0.2232655944761366 0.025060313812919507 0.030843463154362424
0 0.2687234504698903 0.3560638386129751 0.04690776688059305 0.035984040346756244
0 0.31145449838166345 0.36463146726696466 0.028273174558165658 0.04112461753915007
0 0.3371573843436322 0.35135164285328085 0.0321286074524609 0.05054900905853856
0 0.392418589161865 0.3402137256030944 0.0424097618372484 0.055689586250932274
0 0.41683633082573535 0.3787680545460475 0.023132597365771872 0.03855432894295312
0 0.47274010779301734 0.3894775903635346 0.02698803026006722 0.04797872046234168
0 0.3201292223938279 0.39504654898862784 0.02120488091862416 0.02484612309656974
0 0.31852279202120487 0.42331972354679337 0.020562308769575034 0.023132597365771942
0 0.2642254454265458 0.40618446623881427 0.028915746707214928 0.03170022601976157
0 0.2966753389535314 0.513279824413684 0.03084346315436253 0.0522625347893365
0 0.3477598248029443 0.5171352573079794 0.03277117960151017 0.05483282338553337
0 0.38920572841661893 0.5119946801155857 0.03983947324105152 0.05140577192393756
0 0.41555118652763695 0.5351272774813576 0.02570288596196882 0.035984040346756174
0 0.44446693323485187 0.5351272774813575 0.03212860745246104 0.06682750350111881
0 0.47916582928350965 0.5291299374235647 0.028273174558165692 0.03598404034675631
0 0.48687669507210024 0.4695849182783372 0.047550339029642286 0.06254368917412392
0 0.445109505383901 0.44174012515287103 0.03726918464485479 0.04112461753915007
0 0.4158724726021614 0.42888868217188664 0.03791175679390399 0.049692246193139625
0 0.39980816887593107 0.40661284767151373 0.023775169514821143 0.03769756607755412
0 0.3696072778706177 0.4027574147772182 0.035341468197707046 0.04712195759694275
0 0.36992856394514234 0.44388203231636836 0.046265194731543745 0.03684080321215518
0 0.33298066537481236 0.470441681143736 0.03919690109200239 0.04540843186614474
0 0.3724988525413393 0.4837215055574201 0.037269184644854715 0.035984040346756174
0 0.3888844423420943 0.5693977920973158 0.03791175679390392 0.030843463154362497
0 0.4075190346645216 0.6045250695786731 0.025060313812919618 0.06340045203952294
0 0.38792058411852054 0.5912452451649893 0.020562308769575 0.028273174558165623
0 0.3387638147162552 0.41646562062360176 0.035341468197707046 0.035127277481357314
