0 0.34686360471655336 0.6736444137447338 0.03809810271712813 0.03421054121538049
0 0.4397763246083252 0.7078549549601142 0.04509571342027421 0.044577371886707906
0 0.5124737246910087 0.6565391431370438 0.04742825032132281 0.043540688819575235
0 0.5513493397084863 0.6124801127839022 0.03965312731782731 0.08189796230348648
0 0.5167500423429311 0.57567786390069 0.027990442812583963 0.0331738581482476
0 0.5330778006502718 0.525398735144752 0.02643541821188478 0.06945776549789351
0 0.4852607941787742 0.5124401968055928 0.06297849632831387 0.07049444856502632
0 0.4456076668609469 0.537838931950345 0.03965312731782731 0.042504005752442356
0 0.47165432892265696 0.5824163038370529 0.06220098402796445 0.046650738020973324
0 0.4677667674209093 0.6306220664587252 0.043540688819575166 0.047687421088106065
0 0.4510502529633938 0.6648326076741056 0.030322979713632563 0.0393939565510442
0 0.4405538369086747 0.6124801127839024 0.0326555166146813 0.03213717508111486
0 0.4269473716525576 0.6440989463314508 0.022547856710137138 0.029027125879716707
0 0.41800598019853763 0.6829745613489285 0.03110049201398219 0.04872410415523859
0 0.40323324649189596 0.6399522140629196 0.03110049201398228 0.07464118083355725
0 0.38729424433473025 0.6124801127839021 0.03654307811642909 0.0653110332293626
0 0.44016508075849997 0.48393141245944243 0.028767955112933664 0.07360449776642454
0 0.46932179202160823 0.4238037945657435 0.026435418211884852 0.046650738020973394
0 0.5210263599948537 0.3911482779510623 0.025657905911535366 0.07878791310208826
0 0.5023660647864644 0.34501588146365536 0.025657905911535293 0.044577371886707906
0 0.4584366198167145 0.3714512996755402 0.027990442812584036 0.03524722428251309
0 0.4572703513661902 0.3206538293860359 0.025657905911535366 0.05805425175943348
0 0.4370550315571019 0.2978468019091157 0.03187800431433182 0.09122810990768113
0 0.3157631127025711 0.31236036484897384 0.03498805351573004 0.03524722428251283
0 0.33908848171305783 0.2869616297042219 0.025657905911535293 0.03421054121538034
0 0.36630141222529217 0.29318172810701837 0.036543078116429026 0.04457737188670777
0 0.34491982396567955 0.3185804632517705 0.02021531980908847 0.031100492013982226
0 0.32548201645694064 0.36834125047414207 0.04665073802097328 0.04768742108810592
0 0.3165406250029208 0.4217304284314781 0.03654307811642912 0.048724104155238875
0 0.3709664860273896 0.3984050594209916 0.020992832109437955 0.04146732268530954
0 0.3834066828329825 0.4217304284314781 0.045873225720623766 0.04457737188670777
0 0.3184844057537946 0.4818580463251771 0.021770344409787583 0.03835727348391146
0 0.3177068934534451 0.5191786367419557 0.05753591022586711 0.03628390734964576
0 0.29399276829278365 0.6114434297167696 0.03187800431433175 0.059090934826566154
0 0.32975833410886324 0.6378788479286545 0.028767955112933487 0.0331738581482476
0 0.35930380152214625 0.6062600143811059 0.020992832109438028 0.04250400575244228
0 0.3997344411403232 0.5502791287559379 0.03965312731782724 0.042504005752442356
0 0.4032332464918962 0.4849680955265751 0.02488039361118567 0.03213717508111493
0 0.3939030988877015 0.4512758958447612 0.021770344409787583 0.03110049201398226
0 0.3736877790786128 0.47511960638881406 0.03110049201398203 0.053907519490902604
0 0.352694946969175 0.5305821504804158 0.027990442812583963 0.061164300960831565
0 0.32742579720781445 0.5870813776391501 0.05364834872411927 0.03939395655104424
0 0.3289808218085136 0.5777512300349555 0.0380981027171282 0.09330147604194657
0 0.34219853091445607 0.46734448338531864 0.04431820111992451 0.05701756869230074
0 0.41334090639644033 0.36937793354127474 0.021770344409787465 0.07878791310208827
0 0.37874160903088516 0.34553422299722164 0.05831342252621667 0.055980885625167925
