0 0.40342263721433275 0.292663386573452 0.059090934826566154 0.05805425175943348
0 0.42091666397219785 0.33568573385946077 0.030322979713632705 0.03835727348391139
0 0.37659846285227305 0.32324553705386777 0.03498805351573001 0.046650738020973186
0 0.30895489272186183 0.31236036484897406 0.03187800431433175 0.05390751949090248
0 0.3482192638895144 0.40099676708882326 0.02643541821188492 0.032137175081115
0 0.5480399250793501 0.35693773673568174 0.04198566421887591 0.06634771629649527
0 0.6358988150188497 0.4258771607000091 0.05753591022586704 0.07153113163215899
0 0.5962456877010225 0.48911482779510623 0.027990442812583893 0.054944202558035254
0 0.6063533476055667 0.776076457499328 0.027990442812584105 0.06012761789369904
0 0.40614393026555623 0.4230858731406301 0.02876795511293352 0.027990442812584036
0 0.4461858137335583 0.41271904246930274 0.04509571342027414 0.04043063961817687
0 0.4667898896928214 0.4189391408720992 0.03498805351572997 0.046650738020973324
0 0.4893377464029587 0.3940587472609134 0.020992832109437955 0.03835727348391139
0 0.5495949496800492 0.5562996472671873 0.04354068881957503 0.05805425175943348
0 0.635510058868675 0.6153905820937533 0.024102881310836325 0.03939395655104406
0 0.5371547528744564 0.7429025993510805 0.03887561501747783 0.0331738581482476
0 0.4788413303482396 0.7454943070189123 0.027990442812583963 0.03421054121538063
0 0.5118856031130957 0.8242822201210003 0.03498805351573005 0.03835727348391131
0 0.3311139932818242 0.7926633865734519 0.02332536901048659 0.04146732268530954
0 0.2980697205169681 0.7118021073370983 0.04120815191852646 0.0331738581482476
0 0.24714266484407219 0.5863634562140366 0.031100492013982226 0.053907519490902514
0 0.24170007874162533 0.4692182696280371 0.03110049201398219 0.06842108243076084
0 0.2759106199570057 0.49876373704132 0.031100492013982226 0.08604469457201745
0 0.2926271344145212 0.4832134910343289 0.028767955112933556 0.052870836423769704
0 0.3112874296229105 0.5283092044546032 0.04742825032132284 0.051834153356636964
0 0.3657132906473794 0.5117222753804793 0.027212930512234407 0.053907519490902445
0 0.4430757645321601 0.48321349103432903 0.04509571342027414 0.030063808946849378
0 0.48583894105138564 0.5143139830483112 0.04354068881957503 0.06116430096083164
0 0.4586260105391513 0.5568179888007535 0.06531103322936267 0.03628390734964583
0 0.5076092854611732 0.5899918469490012 0.03887561501747783 0.04250400575244228
0 0.5060542608604741 0.6210923389629834 0.05131581182307052 0.03213717508111479
0 0.5091643100618722 0.6470094156413019 0.04665073802097325 0.03835727348391139
0 0.5317121667720095 0.6838116645245143 0.054425861024468884 0.047687421088105995
0 0.441520739931461 0.6817382983902488 0.0326555166146813 0.04561405495384051
0 0.42908054312586813 0.6356059019028418 0.024880393611185738 0.0404306396181768
0 0.4500733752353061 0.5770333086098419 0.03421054121538049 0.024880393611185738
0 0.4108090040676535 0.6692981015846559 0.02254785671013707 0.06634771629649543
0 0.39098244040873986 0.6428626833727707 0.02488039361118581 0.032137175081115
0 0.3066223558208132 0.6625596616482932 0.02721293051223448 0.03835727348391131
0 0.3276151879302512 0.6221290220301162 0.03187800431433175 0.03421054121538063
0 0.3661020467975539 0.6179822897615841 0.034210541215380405 0.04250400575244274
0 0.37232214520035056 0.5925835546168331 0.024880393611185738 0.02488039361118588
0 0.34433170238776656 0.562001404136417 0.027990442812584053 0.038357273483911325
0 0.3956475142108371 0.5811800408783728 0.032655516614681294 0.03110049201398225
0 0.3886499035076912 0.5651114533378154 0.0248803936111856 0.0673843993636285
0 0.3727109013505253 0.5697765271399128 0.020992832109437885 0.026953759745451222
