0 0.45442680154511467 0.19327889418717292 0.035341468197707115 0.03941109180835216
0 0.39531016383258644 0.20570195573545785 0.03791175679390385 0.04026785467375106
0 0.40687646251547244 0.2386873260533178 0.02891574670721482 0.030843463154362462
0 0.40687646251547244 0.30722835528523446 0.03277117960151017 0.042838143269947934
0 0.39980816887593107 0.33935696273769544 0.0430523339862976 0.05397606052013444
0 0.43739863959531033 0.37362747735365376 0.028273174558165692 0.035127277481357314
0 0.27932589092920246 0.08567628653989587 0.03212860745246082 0.035984040346756264
0 0.3047074908166466 0.11909003829045525 0.026345458111017947 0.04112461753915003
0 0.3564345488151088 0.13751043989653286 0.025702885961968746 0.03170022601976148
0 0.379245860106356 0.1597862743969058 0.02891574670721482 0.041981380404549
0 0.35225782984628873 0.17435124310868805 0.02249002521672267 0.03512727748135729
0 0.3307316628531399 0.15293217147371418 0.025702885961968746 0.04712195759694275
0 0.2863941845687438 0.14136587279082818 0.020562308769575034 0.025702885961968763
0 0.26326158720297205 0.12508737834824799 0.03855432894295316 0.03769756607755419
0 0.2382012733900524 0.09210200803038805 0.025702885961968746 0.04198138040454898
0 0.21538996209880512 0.05269091622203596 0.025060313812919545 0.03341375175055938
0 0.1977192279999516 0.09938449238627921 0.026988030260067183 0.03255698888516042
0 0.20093208874519775 0.14050910992542923 0.042409761837248434 0.04112461753915003
0 0.1487554525048942 0.22918406649422146 0.025060313812919545 0.03341375175055937
0 0.1840969207026013 0.2013392733687553 0.03662661249580547 0.04969224619313958
0 0.2332536901048665 0.2034811805322527 0.03341375175055937 0.05054900905853852
0 0.27598473801663964 0.16278494442580216 0.023775169514821108 0.03084346315436248
0 0.2888361809976239 0.19534193331096258 0.03277117960151017 0.034270514615958377
0 0.3244989352698556 0.20605146912844957 0.029558318856264094 0.04369490613534687
0 0.3518082516044474 0.227898922196123 0.0212048809186242 0.030843463154362497
0 0.3672299831816286 0.24631932380220056 0.02634545811101802 0.029986700288963598
0 0.2669887279299505 0.22532863359992616 0.032771179601510256 0.0325569888851605
0 0.189237497894995 0.25403018959079127 0.030200891005313295 0.036840803212155215
0 0.23068340150866967 0.2703086840333715 0.02570288596196878 0.03684080321215521
0 0.16739004482732156 0.29858185859153713 0.025060313812919493 0.04026785467375106
0 0.20498051554670085 0.30672110581282724 0.03469889604865781 0.039411091808352124
0 0.2599204342904091 0.2647397254082782 0.03277117960151021 0.05654634911633128
0 0.22361510786912825 0.37826080507364024 0.02698803026006722 0.035127277481357314
0 0.25670757354516305 0.34356190902498246 0.03277117960151024 0.032556988885160364
0 0.27405702156949197 0.3101481572744231 0.02120488091862427 0.027416411692766686
0 0.29654704678621463 0.3294253217458996 0.03148603530341177 0.060830163443326056
0 0.3228925048972327 0.2981534771588376 0.028915746707214893 0.044551669000745836
0 0.33156722890939705 0.2638829625428793 0.028273174558165692 0.03598404034675628
0 0.3614468338401858 0.2891574670721485 0.02249002521672274 0.024846123096569847
0 0.32546279349342955 0.3388497132652881 0.026345458111017947 0.03684080321215518
0 0.35180825160444756 0.35812687773676477 0.03791175679390392 0.035984040346756244
0 0.2987960493078869 0.383401382266034 0.046265194731543745 0.04369490613534694
0 0.3424909554432338 0.40010825814131373 0.028273174558165623 0.03769756607755412
0 0.3707641300013998 0.4129597011222981 0.0295583188562648 0.03769756607755403
0 0.4022501653048113 0.4283814326994792 0.028273174558165692 0.0548328233855333
0 0.30233019612765766 0.4493721229017539 0.023775169514821108 0.03341375175055944
0 0.4774311067435697 0.41167455682419957 0.023132597365771872 0.0334137517505593
0 0.49863598766219397 0.4493721229017538 0.024417741663870417 0.05054900905853863
0 0.5220898711024905 0.39411091808352094 0.023775169514821143 0.03255698888516043
0 0.4783949649671436 0.5119158120758778 0.0340563238996085 0.04883548332774062
0 0.45365593722874875 0.5530404296150279 0.03212860745246104 0.03512727748135738
0 0.5278730204439336 0.5556107182112248 0.025060313812919545 0.03341375175055966
0 0.5326923115618026 0.4759317717291215 0.02184745306767354 0.041981380404549
0 0.5747807873245264 0.5029198019891887 0.03919690109200239 0.04797872046234168
0 0.6155841187891518 0.5226253478933648 0.024417741663870344 0.03255698888516043
0 0.6409657186765959 0.4853561632485101 0.023775169514821 0.038554328942953194
0 0.6078732530005613 0.467364143075132 0.03598404034675631 0.053976060520134365
0 0.49156769402265255 0.6528533034340066 0.023132597365771872 0.0291299374235647
0 0.5272304482948843 0.6597074063571984 0.04176718968819934 0.042838143269947865
0 0.5121300027922276 0.6952630652712551 0.029558318856264094 0.04198138040454879
0 0.5763872176971495 0.7098280339830373 0.02570288596196882 0.029986700288963705
0 0.6036965340317413 0.6956914467039544 0.023775169514821143 0.032556988885160364
0 0.6322909946644315 0.6939779209731566 0.023132597365771872 0.039411091808351985
0 0.6441785794218421 0.7303903427526126 0.030200891005313223 0.02827317455816555
0 0.6885160577062382 0.7128267040119337 0.025060313812919476 0.032556988885160364
0 0.733817394214208 0.7059726010887419 0.030843463154362354 0.04797872046234161
0 0.5580739114492469 0.6078732530005613 0.02634545811101809 0.03170022601976157
0 0.595021810019577 0.5881677070963852 0.0231325973657718 0.029986700288963563
0 0.6322909946644316 0.5993056243465718 0.023132597365771872 0.03684080321215518
0 0.6531745895085314 0.603161057240867 0.02891574670721482 0.03769756607755412
0 0.6907650602279105 0.6220098402796441 0.025702885961968888 0.030843463154362497
0 0.7312471056180114 0.6468559633762141 0.028273174558165692 0.04455166900074588
0 0.7479539814932911 0.6061597272697634 0.030843463154362497 0.03341375175055937
0 0.7704440067100137 0.5149144821047742 0.02827317455816555 0.04797872046234168
0 0.8179943457396558 0.4844994003831111 0.023132597365771942 0.0317002260197615
0 0.8481952367449692 0.5273375436530592 0.037269184644854646 0.0505490090585387
0 0.790042457256015 0.590737995692582 0.031486035303411625 0.03341375175055944
0 0.770122720635489 0.5718892126538049 0.01734944802432892 0.02998670028896342
0 0.7482752675678155 0.467364143075132 0.02120488091862427 0.024846123096569882
0 0.7498816979404385 0.4082475053626038 0.030843463154362497 0.038554328942953194
0 0.804500330609622 0.37440537217934505 0.029558318856264094 0.049692246193139555
0 0.7958256065974578 0.332423991774796 0.030200891005313365 0.037697566077554076
0 0.7049016475069932 0.3889703408911272 0.028273174558165692 0.042838143269947934
0 0.680483905843123 0.2831601270143559 0.035984040346756244 0.033413751750559335
0 0.6313271364408577 0.23346788082121628 0.023775169514821143 0.031700226019761434
0 0.5468288988408855 0.3251415074189048 0.032128607452461024 0.052262534789336484
0 0.5712466405047558 0.3135752087360189 0.02184745306767347 0.032556988885160364
0 0.5898812328271831 0.33585104323639187 0.02698803026006722 0.035984040346756244
0 0.645142437645416 0.38811357802572827 0.03469889604865784 0.0548328233855333
0 0.5966282403921999 0.39753796954511683 0.03148603530341177 0.046265194731543745
0 0.564499632939739 0.3632674549291586 0.03148603530341177 0.039411091808352124
