0 0.4200285933103002 0.5886364022398493 0.02254785671013707 0.032137175081115
0 0.4433539623207868 0.5818979623034864 0.030322979713632705 0.03110049201398219
0 0.4666793313312734 0.5518341533566368 0.024102881310836252 0.029027125879716707
0 0.5032224094477025 0.5274721012790176 0.02410288131083611 0.03421054121538049
0 0.5397654875641317 0.4875598031944071 0.02876795511293345 0.041467322685309685
0 0.4787307719866915 0.5217703444097875 0.024880393611185738 0.03732059041677857
0 0.44452023077131114 0.5383572734839114 0.0326555166146813 0.031100492013982118
0 0.40331207885278475 0.5590909348265661 0.04198566421887598 0.03110049201398219
0 0.3932044189482405 0.522288685943354 0.03421054121538034 0.048724104155238805
0 0.3457761686269176 0.5186602952083894 0.027990442812584036 0.049760787222371546
0 0.37571039219037544 0.4942982431307699 0.03965312731782724 0.03421054121538042
0 0.3508299985791898 0.47200955718741594 0.024102881310836252 0.03110049201398219
0 0.37493287989002594 0.44920252971049573 0.027212930512234407 0.04561405495384051
0 0.40447834730330906 0.43572564983777 0.030322979713632636 0.03317385814824767
0 0.40292332270260994 0.46889950798601776 0.027212930512234407 0.04146732268530961
0 0.4316912778155435 0.5 0.022547856710137138 0.03732059041677857
0 0.45035157302393275 0.48185804632517704 0.025657905911535366 0.04043063961817687
0 0.48145206503791477 0.4839314124594424 0.04120815191852642 0.050797470289504265
0 0.5226602169564414 0.4435007728412657 0.03343302891503072 0.0362839073496459
0 0.48728340729053643 0.4486841881769294 0.0202153198090884 0.025917076678318482
0 0.4647355505803995 0.4372806744384692 0.024880393611185738 0.03628390734964597
0 0.43985515696921385 0.4403907236398675 0.0326555166146813 0.052870836423769635
0 0.565423393475667 0.3745613488769384 0.025657905911535224 0.04561405495384051
0 0.5401542437143063 0.4191387207636463 0.046650738020973324 0.04146732268530961
0 0.5012786286968282 0.381299788813301 0.029545467413283174 0.06531103322936262
0 0.5327678768609855 0.3678229089405757 0.022547856710137138 0.030063808946849447
0 0.5261590223080144 0.2698563590965317 0.027990442812583893 0.04976078722237151
0 0.4888384318912351 0.2636362606937352 0.023325369010486322 0.037320590416778585
0 0.4254711794127469 0.24393928241821314 0.01943780750873877 0.024880393611185773
0 0.4126422264569794 0.2698563590965317 0.03887561501747776 0.04561405495384061
0 0.4468527676723598 0.27763148210002725 0.023325369010486697 0.032137175081114966
0 0.3900943697468422 0.304066900311912 0.027990442812584036 0.04768742108810603
0 0.3636589515349574 0.33672241692659344 0.027990442812583963 0.048724104155238805
0 0.39203815049771606 0.388038228749664 0.030322979713632705 0.03524722428251323
0 0.39203815049771606 0.3548643706014164 0.02254785671013707 0.029027125879716707
0 0.42002859331030007 0.3154704140503723 0.02876795511293352 0.04561405495384054
0 0.47795325968634184 0.3009568511105138 0.03421054121538049 0.03732059041677862
0 0.5039999217480521 0.28540660510352284 0.024102881310836183 0.03110049201398219
0 0.5374329506630829 0.3139153894496731 0.03965312731782717 0.04457737188670784
0 0.5168288747038197 0.3336123677251952 0.031100492013982333 0.036283907349645934
0 0.4542391345256806 0.320653829386036 0.041208151918526496 0.03939395655104416
0 0.45657167142672916 0.3538276875342837 0.03498805351572997 0.03110049201398219
0 0.4153635195082026 0.3527910044671509 0.030322979713632705 0.03524722428251323
0 0.4196398371601254 0.40255179168952226 0.02954546741328315 0.03110049201398219
0 0.4383001323685146 0.38907491181679654 0.018660295208389268 0.029027125879716686
0 0.467456843631623 0.3833731549475668 0.044318201119924655 0.03835727348391139
