0 0.5212157507172904 0.42328545303217724 0.027212930512234407 0.029027125879716707
0 0.5620351464856419 0.4569776527139908 0.034210541215380544 0.03421054121538039
0 0.5177169453657173 0.46889950798601776 0.03887561501747783 0.04146732268530961
0 0.4353006415286646 0.5051834153356637 0.023325369010486624 0.029027125879716776
0 0.46640113354264684 0.5176236121412565 0.027990442812584105 0.049760787222371546
0 0.4971128694064542 0.5129585383391593 0.02876795511293352 0.04457737188670784
0 0.5437636074274278 0.5145135629398583 0.0349880535157299 0.04146732268530954
0 0.5853605154961287 0.5399122980846104 0.021770344409787583 0.03213717508111493
0 0.43413437307814023 0.5440590303531414 0.04742825032132281 0.03421054121538034
0 0.49866789400715333 0.5590909348265662 0.052093324123420215 0.03732059041677857
0 0.5336559475228833 0.5414673226853095 0.024102881310836325 0.029027125879716707
0 0.5651451956870404 0.561682642494398 0.03421054121538049 0.04043063961817694
0 0.5927468823494495 0.5761962054342564 0.024102881310836252 0.03421054121538049
0 0.43296810462761587 0.6021132821125748 0.03732059041677864 0.05909093482656622
0 0.4613473035903746 0.5969298667769112 0.024102881310836252 0.03835727348391131
0 0.43335686077779056 0.6534290939356459 0.04120815191852642 0.04146732268530961
0 0.4749537688464919 0.6456539709321498 0.02643541821188478 0.04665073802097318
0 0.4314130800269168 0.7037082226915834 0.04509571342027414 0.03835727348391146
0 0.4698999388942198 0.7052632472922824 0.024102881310836252 0.0393939565510442
0 0.5499837058302238 0.7612441329174503 0.030322979713632653 0.06842108243076106
0 0.5091643100618723 0.7710926220552115 0.018660295208389428 0.03006380894684952
0 0.6051870791550423 0.7368820808398311 0.025657905911535366 0.044577371886707906
0 0.6526153294763651 0.7570974006489195 0.055203373324818374 0.043540688819575166
0 0.665055526281958 0.7104466626279461 0.04276317651922554 0.04561405495384051
0 0.6728306492854537 0.6819378782817958 0.03343302891503086 0.03835727348391146
0 0.6751631861865021 0.6446172878650159 0.044318201119924856 0.03628390734964586
0 0.6386201080700732 0.6404705555964862 0.02876795511293352 0.05287083642376984
0 0.6094633968069649 0.6161085035188667 0.02488039361118567 0.03317385814824767
0 0.584583003195779 0.6187002111866987 0.037320590416778716 0.05909093482656622
0 0.6106296652574892 0.6751994383454328 0.024102881310836252 0.04354068881957503
0 0.5896368331480513 0.6793461706139639 0.030322979713632583 0.053907519490902424
0 0.5663114641375645 0.6866029520838933 0.02254785671013707 0.0331738581482476
0 0.5286021175706113 0.7493222776454238 0.029545467413283007 0.03835727348391131
0 0.5340447036730581 0.7109650041615125 0.031100492013982118 0.03628390734964597
0 0.5278246052702616 0.675199438345433 0.02643541821188492 0.041467322685309685
0 0.5558150480828457 0.6606858754055748 0.03421054121538042 0.0393939565510442
0 0.5503724619803987 0.6259569926566277 0.027990442812584036 0.03835727348391139
0 0.5076092854611732 0.6026316236461412 0.05753591022586704 0.0331738581482476
0 0.5072205293109984 0.746730569977592 0.01943780750873877 0.026953759745451153
0 0.5122743592632705 0.7234052009671055 0.018660295208389285 0.02591707667831841
0 0.49011525870330813 0.7275519332356365 0.024102881310836183 0.032137175081115
0 0.5068317731608236 0.6425439217307516 0.03265551661468123 0.046650738020973394
0 0.5013891870583769 0.689194659751725 0.029545467413283077 0.04250400575244228
