0 0.5748640994414097 0.5761962054342564 0.04742825032132281 0.09226479297481398
0 0.6094633968069648 0.7757576958573088 0.03110049201398219 0.0725678146992918
0 0.6273461797150047 0.7726476466559106 0.021770344409787583 0.026953759745451153
0 0.5740865871410601 0.7021531980908844 0.03343302891503093 0.047687421088105995
0 0.5394872897755049 0.7316986655041674 0.027990442812583963 0.05701756869230067
0 0.5398760459256797 0.8053031632705919 0.030322979713632563 0.05287083642376956
0 0.5235482876183392 0.8664674642314236 0.06608854552971223 0.03835727348391146
0 0.5013891870583767 0.9129186223608496 0.04198566421887598 0.03732059041677857
0 0.4807851110991135 0.9383173575056015 0.024102881310836325 0.03421054121538034
0 0.3933149773097886 0.9046251578237877 0.023325369010486697 0.0331738581482476
0 0.282519474509977 0.9124002808272834 0.030322979713632705 0.059090934826566154
0 0.3167300157253574 0.8413874907286908 0.03032297971363267 0.04354068881957503
0 0.3509405569407377 0.8253189031881331 0.03343302891503086 0.06116430096083164
0 0.28329698681032656 0.8382774415272926 0.020992832109437955 0.035247224282513374
0 0.258027837048966 0.8408691491951242 0.027990442812584 0.03421054121538049
0 0.28640703601172474 0.7351274763475848 0.038098102717128234 0.059090934826566154
0 0.32606016332955207 0.7169855226727619 0.03343302891503086 0.035247224282513374
0 0.35288433769161165 0.7631179191601689 0.037320590416778716 0.05079747028950436
0 0.39448124576031274 0.7900716789056201 0.03498805351572997 0.048724104155238736
0 0.42985805542621763 0.7662279683615668 0.02488039361118581 0.04457737188670777
0 0.44812959448443224 0.8102869987147082 0.024102881310836183 0.09537484217621184
0 0.5037217239594254 0.8092503156475758 0.03110049201398219 0.051834153356636964
0 0.49983416245767764 0.7346091348140183 0.03421054121538034 0.07049444856502632
0 0.5542600234821464 0.6558212217119302 0.0653110332293626 0.03524722428251323
0 0.5352109721235824 0.610725508291656 0.03809810271712813 0.04043063961817694
0 0.4733987442457927 0.626275754298647 0.021770344409787583 0.03835727348391139
0 0.47495376884649176 0.6687797600510893 0.0404306396181768 0.061164300960831496
0 0.37426592595122443 0.6148722405601871 0.02721293051223448 0.06531103322936253
0 0.3439429462375918 0.6340508773021427 0.024102881310836252 0.0352472242825133
0 0.30973240502221144 0.6356059019028417 0.039653127317827386 0.054944202558035254
0 0.37154463290000095 0.6755181999874523 0.02488039361118581 0.037320590416778716
0 0.4216941762725473 0.6988435689979389 0.02721293051223448 0.06323766709509712
0 0.45357218058687915 0.7164671811391954 0.03498805351572997 0.048724104155238875
0 0.3999238318627598 0.735645817881151 0.027212930512234407 0.037320590416778716
0 0.3676570713982532 0.7019536181993371 0.05131581182307066 0.052870836423769704
0 0.4520171559861801 0.5220891060518068 0.047428250321322946 0.05390751949090258
0 0.45357218058687904 0.47803007569866535 0.030322979713632563 0.0362839073496459
0 0.40808771101643015 0.45677807282244415 0.021770344409787513 0.029027125879716634
0 0.3703783644494767 0.4458929006175504 0.02876795511293352 0.04457737188670784
0 0.3968137826613615 0.5003187616420192 0.02254785671013707 0.06634771629649534
0 0.3552168745926604 0.4754383680308335 0.027990442812583893 0.03317385814824767
0 0.35988194839475773 0.5132772999811785 0.02643541821188492 0.05287083642376984
