0 0.3376122894732474 0.5331738581482479 0.04276317651922554 0.06842108243076084
0 0.35977139003320974 0.5736044977664246 0.03576556581607953 0.051834153356636964
0 0.43791137621834003 0.55287083642377 0.052093324123420215 0.05183415335663703
0 0.4106984457061056 0.5787879131020884 0.03187800431433175 0.03110049201398226
0 0.4398551569692139 0.6129984543174689 0.04354068881957503 0.043540688819575166
0 0.4970023110449062 0.6275120172573272 0.03498805351572997 0.060127617893698894
0 0.5164401185536449 0.5958931837097786 0.025657905911535366 0.046650738020973324
0 0.5343229014616848 0.6342504571936901 0.022547856710136992 0.04665073802097317
0 0.5502619036188507 0.7156300779636103 0.048205762621672435 0.060127617893698894
0 0.5514281720693749 0.7762760373908754 0.020992832109437885 0.030063808946849378
0 0.5405429998644812 0.8281101907475125 0.028767955112933518 0.05701756869230055
0 0.4896159441915853 0.7389554469740969 0.03887561501747761 0.052870836423769704
0 0.46395803828004994 0.6710527060769023 0.048205762621672504 0.0663477162964955
0 0.3547175600809373 0.6161085035188671 0.03809810271712805 0.041467322685309824
0 0.2909615514522741 0.6155901619853007 0.02876795511293352 0.03835727348391139
0 0.3333359718213248 0.6409888971300529 0.021770344409787513 0.03110049201398219
0 0.3197295065652076 0.694378075087389 0.04898327492202195 0.03628390734964583
0 0.3897056135966672 0.667942656875504 0.028767955112933574 0.058054251759433545
0 0.42508242326257234 0.6990431488894862 0.03110049201398219 0.053907519490902445
0 0.3881505889959685 0.7244418840342384 0.05986844712691578 0.044577371886707906
0 0.25519598563619456 0.7192584686985748 0.02876795511293352 0.0404306396181768
0 0.2450883257316503 0.7674642313202472 0.03498805351572997 0.03317385814824775
0 0.2602498155884667 0.8450158814636552 0.029545467413283077 0.04250400575244228
0 0.2917390637526237 0.8486442721986199 0.03032297971363267 0.04561405495384051
0 0.2936828445034976 0.8097686571811421 0.05131581182307059 0.03421054121538049
0 0.29212781990279835 0.7771131405664607 0.0326555166146813 0.043540688819575166
0 0.3341134841216744 0.7797048482342926 0.03421054121538042 0.03628390734964597
0 0.37648790449072517 0.7672646514286997 0.027212930512234407 0.03006380894684952
0 0.3869843205454442 0.8035485587783459 0.03732059041677857 0.048724104155238875
0 0.409920933405756 0.7812598728349919 0.030322979713632636 0.047687421088106134
0 0.4581266960274283 0.7745214328986291 0.04431820111992458 0.0404306396181768
0 0.4915597249424593 0.808213632580443 0.02876795511293345 0.04561405495384051
0 0.5261590223080145 0.7765947990328944 0.02643541821188478 0.03835727348391131
0 0.5055549463487513 0.8413874907286908 0.050538299522721104 0.07671454696782277
0 0.4709556489831959 0.8424241737958235 0.026435418211884852 0.026953759745451434
0 0.44024391311938854 0.8273922693223988 0.03965312731782724 0.046650738020973394
0 0.41769605640925156 0.8507176383328854 0.025657905911535293 0.03317385814824775
0 0.48300708963861416 0.9497208712440619 0.03343302891503086 0.05079747028950436
0 0.4585154521776032 0.910326914693018 0.04198566421887598 0.04250400575244228
0 0.4211948617608245 0.9181020376965131 0.031100492013982118 0.08293464537061922
0 0.3924269066478911 0.8916666194846288 0.027990442812583963 0.06323766709509698
0 0.34499865632656823 0.9201754038307786 0.037320590416778716 0.06427435016222986
0 0.3123431397118868 0.906180182424487 0.03732059041677868 0.06323766709509741
0 0.34227736327534475 0.8455342229972217 0.03654307811642909 0.051834153356636964
