0 0.4332219206264904 0.37148557019015643 0.023775169514821143 0.061686926308724924
0 0.48398512040137875 0.37876805454604756 0.027630602409116422 0.04369490613534694
0 0.501977140574757 0.4078979919696122 0.02120488091862427 0.03684080321215518
0 0.535712178399841 0.45073613523956013 0.0244177416638702 0.06425721490492187
0 0.5585234896910882 0.4841498869901195 0.03534146819770698 0.04369490613534694
0 0.5990055350811889 0.47215520687453405 0.03662661249580545 0.04026785467375113
0 0.4974791355314123 0.4841498869901194 0.0224900252167226 0.03684080321215525
0 0.4274387712850475 0.4126101877293064 0.043052333986297736 0.037697566077554256
0 0.3827800069261268 0.45287804240305746 0.029558318856264094 0.04455166900074588
0 0.3596474095603548 0.4785809283650263 0.020562308769575 0.027416411692766617
0 0.4303303459557689 0.503427051461596 0.038554328942953194 0.046265194731543675
0 0.5604512061382357 0.7163326235132372 0.03534146819770698 0.038554328942953194
0 0.591615955367123 0.649933501444818 0.025702885961968677 0.04455166900074588
0 0.5986842490066644 0.6143778425307612 0.02698803026006722 0.03341375175055937
0 0.6009332515283365 0.5706829363954142 0.02249002521672274 0.029986700288963563
0 0.5543467707222683 0.5535476790874351 0.04498005043344527 0.04712195759694282
0 0.5620576365108588 0.6066669767421706 0.0321286074524609 0.04198138040454886
0 0.5659130694051542 0.6417942542235278 0.020562308769575 0.026559648827367752
0 0.5524190542751208 0.6525037900410148 0.017992020173378122 0.02570288596196882
0 0.5190053025245612 0.6687822844835949 0.05140577192393756 0.035984040346756244
0 0.5145072974812167 0.7317543550904184 0.023132597365771872 0.028273174558165692
0 0.5190053025245613 0.7017676548014549 0.030843463154362497 0.03341375175055944
0 0.4839851204013788 0.7064798505611491 0.04048204539010086 0.04797872046234176
0 0.40719774858999713 0.6910581189839679 0.025702885961968746 0.037697566077554256
0 0.38020971832992984 0.6113791725018648 0.025702885961968746 0.049692246193139625
0 0.41008932326071856 0.587389812270694 0.03277117960151017 0.039411091808351985
0 0.4338644927755396 0.5522625347893367 0.03148603530341177 0.04112461753915007
0 0.4595673787375084 0.5848195236744971 0.02763060240911635 0.04797872046234154
0 0.4345070649245888 0.6118075539345643 0.034056323899608644 0.05054900905853863
0 0.46374409770632835 0.6709241916470924 0.024417741663870344 0.031700226019761434
0 0.4868766950721002 0.6576443672334087 0.025702885961968746 0.03598404034675646
0 0.46727824452609906 0.6430793985216262 0.02249002521672274 0.030843463154362424
0 0.46085252303560686 0.6203751825885538 0.02249002521672267 0.02998670028896349
0 0.4614950951846561 0.53298537031786 0.019919736620525798 0.03512727748135724
0 0.47980840143255876 0.5471219575969429 0.03469889604865784 0.035984040346756244
0 0.4933024165625925 0.5222758345003732 0.024417741663870274 0.030843463154362497
0 0.4692059609732467 0.5102811543847876 0.03277117960151017 0.029129937423564557
0 0.4965152773078386 0.6259441412136472 0.021847453067673397 0.0394110918083522
0 0.5196478746736104 0.6310847184060409 0.02955831885626402 0.03598404034675631
0 0.525752310089578 0.6049534510113727 0.025060313812919476 0.02998670028896342
0 0.5103305785123967 0.5835343793763985 0.03662661249580545 0.05568958625093224
0 0.49715784945688773 0.5685410292319169 0.02827317455816555 0.042838143269947934
0 0.48302126217780483 0.5942439151938856 0.019277164471476524 0.023989360231170737
0 0.42904520165767046 0.6627849444258022 0.025702885961968746 0.02741641169276676
0 0.42037047764550606 0.650790264310217 0.019919736620525798 0.03084346315436264
0 0.5575596314675143 0.5462651947315439 0.03212860745246097 0.06168692630872506
