0 0.4557153267654911 0.72133183483284 0.030322979713632705 0.048724104155238736
0 0.5132512369913581 0.6886763182181588 0.0427631765192254 0.049760787222371476
0 0.4180059801985375 0.6803828536810965 0.02643541821188492 0.03524722428251323
0 0.41295215024626536 0.6456539709321497 0.025657905911535436 0.03628390734964576
0 0.38107414593193384 0.6015949405790085 0.025657905911535224 0.04561405495384051
0 0.4203385170995864 0.593819817575513 0.026435418211884852 0.0362839073496459
0 0.4409425930588495 0.583971328437752 0.030322979713632705 0.051834153356636964
0 0.5043098455373383 0.5787879131020882 0.026435418211884852 0.07049444856502639
0 0.5427967044046411 0.613516795851035 0.03654307811642909 0.030063808946849447
0 0.5964450531287605 0.6456539709321502 0.027212930512234407 0.03213717508111508
0 0.5801172948214198 0.6166268450524333 0.03187800431433175 0.04457737188670777
0 0.5941125162277118 0.5777512300349557 0.02721293051223455 0.03524722428251316
0 0.5937237600775368 0.537838931950345 0.02488039361118587 0.032137175081114855
0 0.5443517290053405 0.5145135629398584 0.024102881310836252 0.047687421088106065
0 0.5210263599948536 0.5134768798727256 0.027212930512234158 0.051834153356636985
0 0.662144842508298 0.46475277571748674 0.02643541821188478 0.03524722428251316
0 0.6100515183848778 0.5103668306713274 0.0357655658160796 0.041467322685309685
0 0.6240467397911698 0.4725278987209825 0.03732059041677857 0.052870836423769774
0 0.6088852499343536 0.4326156006363718 0.025657905911535366 0.053907519490902514
0 0.5703983910670505 0.43987238210630103 0.043540688819575166 0.047687421088106134
0 0.5225813845955528 0.44142740670700015 0.027212930512234407 0.044577371886707906
0 0.5451292413056898 0.39270330255176134 0.03654307811642894 0.052870836423769704
0 0.4658229866700353 0.46527111725105313 0.03343302891503079 0.04043063961817687
0 0.48137323267702625 0.5202153198090883 0.025657905911535366 0.03006380894684952
0 0.4467739353114711 0.5207336613426549 0.023325369010486673 0.03939395655104405
0 0.42694737165255736 0.5041467322685308 0.03809810271712817 0.06427435016222992
0 0.4110083694953917 0.46838116645245137 0.021770344409787513 0.027990442812583963
0 0.3779640967305356 0.48082136325804425 0.02721293051223455 0.03628390734964583
0 0.36941146142669046 0.382336471880434 0.027212930512234407 0.059090934826566154
0 0.41334090639644033 0.3315390015909297 0.03421054121538042 0.048724104155238805
0 0.4728205973731813 0.3704146166084075 0.025657905911535293 0.049760787222371546
0 0.4631016936188119 0.42121208689791173 0.05753591022586711 0.03524722428251316
0 0.4607691567177632 0.2698563590965317 0.027990442812584036 0.04354068881957506
0 0.5074198947387366 0.2828148974356909 0.029545467413283077 0.03421054121538042
0 0.5109187000903095 0.24031089168324857 0.048983274922021994 0.0653110332293626
0 0.6108290306852274 0.17810990765528417 0.03887561501747776 0.036283907349645886
0 0.6839151869180856 0.20972874120283272 0.027990442812584178 0.047687421088106065
0 0.6364869365967628 0.23046240254548753 0.03887561501747776 0.04561405495384058
0 0.5218038722952033 0.3398324661279916 0.030322979713632636 0.059090934826566154
0 0.5948900285280615 0.3745613488769384 0.03187800431433175 0.0393939565510442
0 0.6034426638319066 0.3465709060643545 0.019437807508738844 0.02488039361118567
0 0.6275455451427427 0.33724075846015994 0.02410288131083611 0.03110049201398219
0 0.6213254467399463 0.2994018265098148 0.01943780750873877 0.02591707667831855
0 0.6322106189448401 0.3144337309832395 0.019437807508738844 0.024880393611185738
0 0.6092740060845281 0.3216905124531687 0.027990442812584105 0.031100492013982156
