0 0.7853809022175611 0.4434536508836689 0.03341375175055944 0.042838143269947865
0 0.7905214794099547 0.49143237134601064 0.0244177416638702 0.039411091808352054
0 0.768995312416806 0.5029986700288965 0.025060313812919618 0.043694906135346795
0 0.79020019333543 0.5158501130098809 0.019919736620525725 0.031700226019761434
0 0.676143636879194 0.4961445671057049 0.02827317455816555 0.04712195759694275
0 0.688352507711129 0.5325569888851607 0.0424097618372484 0.03255698888516043
0 0.6507620369917497 0.4738687326053319 0.01734944802432892 0.031700226019761434
0 0.6494768926936512 0.5012851442980987 0.027630602409116422 0.03855432894295312
0 0.6253804371043056 0.5278447931254664 0.03341375175055937 0.038554328942953194
0 0.6575090445567665 0.5415529989718497 0.030843463154362497 0.05054900905853856
0 0.6774287811772922 0.5882465751360929 0.0231325973657718 0.053119297654735435
0 0.7012039506921133 0.5693977920973158 0.024417741663870344 0.03427051461595831
0 0.7249791202069343 0.5933871523284867 0.035984040346756244 0.03427051461595816
0 0.6186334295392887 0.6036683067132742 0.035341468197707115 0.034270514615958377
0 0.6893163659347027 0.6289428112425435 0.028915746707214963 0.0334137517505593
0 0.7233726898343114 0.6383672027619322 0.02249002521672267 0.03684080321215518
0 0.6838545026677844 0.6662119958873981 0.02056230876957514 0.027416411692766617
0 0.7767061782053966 0.6649268515892995 0.026345458111017878 0.033413751750559155
0 0.8216862286388418 0.6375104398965331 0.026345458111017878 0.03855432894295326
0 0.7702804567149043 0.700054129070657 0.041767189688199265 0.03684080321215518
0 0.800802633794742 0.724043489301828 0.04755033902964215 0.03170022601976157
0 0.8204010843407432 0.6884878303877712 0.034056323899608575 0.0462651947315436
0 0.8554212664639256 0.7334678808212166 0.026988030260067148 0.041981380404549073
0 0.7956620566023486 0.7561720967542889 0.0321286074524609 0.037697566077554256
0 0.8220075147133664 0.7664532511390764 0.026988030260067148 0.041124617539150136
0 0.7972684869749717 0.7904426113702472 0.02891574670721482 0.05483282338553323
0 0.8152605071483495 0.8002953843223353 0.023775169514821073 0.03170022601976157
0 0.8512445474951059 0.7942980442645426 0.03148603530341177 0.045408431866144953
0 0.9039354637171418 0.7972967142934388 0.030200891005313223 0.06854102923191661
