0 0.48765437543398266 0.4772957840669278 0.025060313812919545 0.04369490613534687
0 0.4895820918811304 0.5218474530676737 0.027630602409116564 0.03512727748135738
0 0.433999600988373 0.4708700625764358 0.02827317455816555 0.03769756607755419
0 0.40411999605758425 0.454163186701156 0.032771179601510096 0.04540843186614481
0 0.3135173230416451 0.47686740263422955 0.03020089100531199 0.03427051461595616
0 0.37777453794656624 0.48329312412472064 0.030200891005313295 0.03684080321215525
0 0.3183366141595134 0.5299867002889636 0.033413751750559474 0.039411091808352124
0 0.26950113083177285 0.589960100866891 0.03726918464485468 0.046265194731543814
0 0.31769404201046425 0.5736816064243107 0.03469889604865792 0.03769756607755419
0 0.36267409244390963 0.5308434631543626 0.02698803026006722 0.03598404034675631
0 0.3883769784058784 0.5338421331832592 0.025702885961968746 0.03512727748135738
0 0.41086700362260103 0.5398394732410517 0.02184745306767347 0.02484612309656974
0 0.45905991480129243 0.5591166377125283 0.03855432894295305 0.04969224619313948
0 0.4670920666644076 0.5938155337611861 0.025060313812919618 0.029986700288963563
0 0.5316705676438541 0.6118075539345644 0.024417741663870344 0.031700226019761434
0 0.5066102538309347 0.637510439896533 0.021847453067673397 0.029986700288963705
0 0.4715900717077522 0.638367202761932 0.030200891005313365 0.04198138040454914
0 0.43914017818076656 0.6182332754250566 0.03341375175055937 0.04455166900074595
0 0.3912685530765998 0.5955290594919841 0.041767189688199195 0.04369490613534694
0 0.4552044819069971 0.7771627869565632 0.030843463154362424 0.040267854673750915
0 0.5274938486750343 0.7300408293596206 0.025060313812919545 0.03341375175055944
0 0.5059676816818854 0.6914865004166674 0.024417741663870417 0.03341375175055944
0 0.4760880767510967 0.687631067522372 0.030200891005313295 0.046265194731543745
0 0.4860479450613596 0.7283273036288227 0.021847453067673397 0.02998670028896342
0 0.4616302033974893 0.7407503651771076 0.019277164471476524 0.02741641169276676
0 0.4330357427647991 0.7356097879847141 0.034056323899608575 0.046265194731543745
0 0.4320718845412253 0.680348583166481 0.03341375175055937 0.03684080321215518
0 0.3967304163435182 0.7210448192729315 0.035984040346756244 0.046265194731543884
0 0.39383884167279676 0.8268550331497031 0.030200891005313295 0.04369490613534694
0 0.3665295253382048 0.773307354062268 0.037269184644854715 0.053119297654735505
0 0.3719913886051232 0.6837756346280767 0.032771179601510096 0.041981380404549073
0 0.336007348258367 0.7964399514280399 0.03534146819770698 0.042838143269947865
0 0.32861776854430097 0.7488896123983977 0.03212860745246093 0.045408431866144953
0 0.33536477610931775 0.7056230876957502 0.02634545811101802 0.03427051461595823
0 0.29745301931541385 0.7784479312546617 0.023775169514821108 0.035984040346756244
0 0.25279425495649305 0.7146190977824394 0.033413751750559335 0.038554328942953194
0 0.27817585484393725 0.7090501391573462 0.023775169514821108 0.032556988885160364
0 0.2871718649306263 0.6790634388683827 0.027630602409116422 0.03427051461595823
0 0.3157663255633166 0.669639047348994 0.024417741663870382 0.03427051461595823
0 0.2736778498005927 0.6362252955984345 0.03020089100531326 0.03769756607755419
0 0.3520716519845975 0.5098527729520882 0.026345458111017947 0.035127277481357314
0 0.425646163050733 0.5145649687117825 0.024417741663870344 0.039411091808352054
0 0.353999368431745 0.599812873818979 0.028915746707214893 0.04026785467375113
0 0.33118805714049787 0.6118075539345642 0.023132597365771838 0.028273174558165623
0 0.32636876602262865 0.6323698627041394 0.022490025216722637 0.028273174558165762
0 0.30966189014734896 0.6889162118204706 0.021204880918624235 0.02655964882736768
