0 0.413530297118877 0.7742026712566098 0.04354068881957503 0.06116430096083164
0 0.4629023281910736 0.7425838377090612 0.03187800431433175 0.037320590416778716
0 0.5087755539116975 0.7856061849950698 0.030322979713632563 0.03835727348391146
0 0.5499837058302239 0.7570974006489195 0.025657905911535366 0.03524722428251309
0 0.4321905923272663 0.7120016872286453 0.031100492013982118 0.04665073802097311
0 0.47767506189771536 0.6757177798789994 0.03187800431433175 0.0590909348265663
0 0.5114968469629209 0.6612042169391408 0.02488039361118581 0.03835727348391146
0 0.5363772405741066 0.6643142661405393 0.02021531980908854 0.03006380894684952
0 0.5670889764379141 0.6399522140629199 0.03654307811642909 0.03317385814824753
0 0.558536341134069 0.6834929028824951 0.025657905911535366 0.0331738581482476
0 0.39875756341223545 0.7265152501685037 0.03421054121538034 0.04250400575244228
0 0.3248938948790277 0.7462122284440257 0.023325369010486662 0.03006380894684952
0 0.3241163825786782 0.7000798319566186 0.024880393611185738 0.03524722428251323
0 0.3447204585379413 0.7187401271650079 0.03343302891503092 0.049760787222371344
0 0.3641582660466803 0.6798645121475303 0.025657905911535293 0.036283907349645955
0 0.33811160398497025 0.6622409000062736 0.029545467413283077 0.04665073802097325
0 0.43568939767883935 0.631658749525858 0.03498805351572997 0.060127617893698825
0 0.4143078094192265 0.5901914268405483 0.03576556581607953 0.04146732268530961
0 0.4527946682865296 0.5818979623034864 0.02876795511293359 0.03732059041677857
0 0.4897265025531334 0.5870813776391501 0.02643541821188478 0.060127617893698894
0 0.5142181400141443 0.6295853833915924 0.027212930512234407 0.026953759745451153
0 0.534044703673058 0.5969298667769112 0.02643541821188478 0.042504005752442425
0 0.5597026095845934 0.5746411808335573 0.029545467413283077 0.04146732268530961
0 0.6012995176532945 0.5751595223671235 0.033433028915031 0.04043063961817694
0 0.3641582660466803 0.4367623329049028 0.03965312731782724 0.047687421088105995
0 0.27357808305595716 0.5689394239643271 0.03110049201398219 0.059090934826566084
0 0.30312355046924017 0.5077751230034956 0.0326555166146813 0.042504005752442356
0 0.33616782323409633 0.513995221406292 0.027212930512234407 0.03835727348391131
0 0.41314154096870226 0.4709728741202832 0.03965312731782724 0.049760787222371546
0 0.476508793447191 0.40203345015595604 0.03732059041677864 0.04457737188670777
0 0.5390985336253301 0.4533492619790266 0.03809810271712827 0.04146732268530947
0 0.5768078801922836 0.4471291635762302 0.021770344409787656 0.03317385814824775
0 0.47573128114684143 0.46164272651608856 0.03421054121538034 0.04561405495384065
0 0.5177169453657173 0.49015151086223896 0.04043063961817687 0.046650738020973324
0 0.5954681754006728 0.5290271258797167 0.0357655658160796 0.04561405495384058
0 0.5274358491200869 0.5430223472860087 0.0380981027171282 0.0404306396181768
0 0.49089277100365775 0.5321371750811149 0.03187800431433175 0.037320590416778786
0 0.43568939767883935 0.5165869290741235 0.031878004314331736 0.033173858148247755
0 0.40070134416310926 0.5311004920139821 0.03343302891503086 0.05183415335663703
0 0.34355419008741706 0.5533891779573361 0.03421054121538034 0.03628390734964583
0 0.3738771698010496 0.5824163038370527 0.037320590416778716 0.0445773718867077
0 0.3781534874529723 0.6280303587908932 0.02876795511293359 0.03628390734964597
0 0.34394294623759186 0.6166268450524324 0.041208151918526406 0.050797470289503106
0 0.314008722674134 0.6233652849887961 0.03265551661468127 0.04354068881957495
0 0.44113198378128615 0.5507974702895042 0.020992832109437955 0.029027125879716707
0 0.4259704939244699 0.5533891779573361 0.02488039361118581 0.03213717508111493
