0 0.30934364887203664 0.16670639391682404 0.03110049201398226 0.06531103322936263
0 0.2471426648440722 0.17448151692031957 0.026435418211884852 0.04561405495384054
0 0.21837470973113868 0.24186591628394769 0.0404306396181769 0.06427435016222986
0 0.25103022634582 0.2501593808210096 0.024880393611185738 0.03317385814824767
0 0.29029459751347253 0.23201742714618667 0.04120815191852639 0.052870836423769774
0 0.3128424542236096 0.21024708273639908 0.0380981027171282 0.03835727348391135
0 0.37232214520035056 0.2501593808210096 0.03887561501747776 0.03732059041677864
0 0.3039010627695898 0.27659479903289447 0.05131581182307066 0.03835727348391139
0 0.17755531396278706 0.25430611308954054 0.0520933241234202 0.035247224282513194
0 0.1522861642014265 0.2973284603755493 0.03887561501747776 0.036283907349645934
0 0.21215461132834224 0.3216905124531686 0.03732059041677864 0.049760787222371476
0 0.1791103385634861 0.34449753993008886 0.04120815191852643 0.04146732268530961
0 0.1379021866449597 0.3771530565447702 0.030322979713632653 0.027990442812584036
0 0.17444526476138883 0.4004784255552568 0.062978496328314 0.060127617893698894
0 0.2455876402433732 0.337759099993726 0.027990442812584 0.0653110332293626
0 0.265025447752112 0.35227266293358445 0.018660295208389285 0.03006380894684952
0 0.3128424542236096 0.32220885398673493 0.031878004314331715 0.05079747028950425
0 0.2813532060594527 0.3916666194846286 0.04354068881957506 0.07775123003495545
0 0.2420888348918001 0.38700154568253126 0.027212930512234442 0.041467322685309685
0 0.35132931309091264 0.31028699871470855 0.0326555166146813 0.0393939565510442
0 0.37931975590349654 0.3258372447216996 0.03887561501747766 0.04146732268530953
0 0.4244154693237708 0.3616028105377792 0.029545467413283007 0.03835727348391139
0 0.3458867269884657 0.3439791983965226 0.029545467413283077 0.03835727348391139
0 0.37582095055192355 0.37352466580980576 0.024102881310836252 0.026953759745451222
0 0.38553985430629295 0.40255179168952254 0.026435418211884852 0.043540688819575096
0 0.431024323876742 0.4222487699650445 0.05831342252621667 0.03939395655104413
0 0.5425973389769032 0.3999600840216906 0.037320590416778716 0.0404306396181768
0 0.47728630574754055 0.5150319044734247 0.03421054121538049 0.030063808946849447
0 0.44890710678478163 0.5088118060706283 0.02254785671013707 0.0362839073496459
0 0.413530297118877 0.46941784951958426 0.021770344409787513 0.0362839073496459
0 0.35132931309091264 0.40877189009231885 0.027990442812584036 0.05183415335663703
0 0.32100633337727996 0.42121208689791173 0.03110049201398226 0.055980885625168
0 0.21137709902799265 0.4569776527139912 0.04509571342027417 0.07360449776642461
0 0.25997161779983985 0.4642344341839204 0.0380981027171282 0.08397132843775189
0 0.28951708521312297 0.4600877019153895 0.03343302891503086 0.054944202558035185
0 0.33850036013514484 0.5077751230034955 0.024102881310836183 0.03421054121538034
0 0.36687955909790376 0.5160685875405575 0.023325369010486624 0.03835727348391139
0 0.3867061227568173 0.5259170766783184 0.024102881310836183 0.029027125879716634
0 0.39020492810839036 0.555980885625168 0.03732059041677857 0.0393939565510442
0 0.361048216845282 0.5653110332293626 0.0380981027171282 0.03732059041677857
0 0.24597639639354787 0.5171052706076902 0.04587322572062373 0.0404306396181768
0 0.2129321236286918 0.547687421088106 0.03110049201398219 0.06012761789369897
0 0.24675390869389743 0.5974482083104776 0.04120815191852639 0.04354068881957495
0 0.3287814563807755 0.6026316236461412 0.04198566421887591 0.037320590416778716
0 0.38048602435402096 0.637360506395088 0.05520337332481844 0.03213717508111479
0 0.5538712673319718 0.4637160926503542 0.025657905911535436 0.03524722428251316
