0 0.31840944229411233 0.6072500467102177 0.03480922568664962 0.06648248509522268
0 0.360744987048145 0.6498991880920579 0.03292764591980365 0.03637720882568872
0 0.3819127594251623 0.6166579455444472 0.028223696502688824 0.04264914138184096
0 0.3706232808240867 0.589688635552989 0.0225789572021511 0.028850889758304063
0 0.3165278625272664 0.5457851076599173 0.025401326852419928 0.036377208825688
0 0.3033568041593451 0.45860524512938966 0.03292764591980369 0.04515791440430227
0 0.3593338022230111 0.4667587574523887 0.026342116735842965 0.05393861998291648
0 0.31840944229411233 0.40027627235716595 0.02728290661926586 0.03386843580322662
0 0.33910681972941753 0.31999553563840666 0.034809225686649514 0.04892107393799396
0 0.34992590338878166 0.3569999377197097 0.022578957202151032 0.025087730224612415
0 0.3837943391920082 0.38522363422239864 0.048921073937994 0.05142984696045524
0 0.39884697732677565 0.41909207002562515 0.03386843580322669 0.03386843580322662
0 0.39320223802623777 0.4824385888427712 0.028223696502688824 0.03512282231445731
0 0.3852055240171427 0.5119166718566907 0.019756587551882206 0.028850889758304205
0 0.3612153819898572 0.26292094937741356 0.04139475487061027 0.04014036835937972
0 0.4308338333631562 0.2510042775207227 0.043276334637456275 0.038885981848149134
0 0.4741101680006124 0.2735832347228738 0.03951317510376441 0.041394754870610305
0 0.5267944014722984 0.28675429309079525 0.03763159533691855 0.04014036835937969
0 0.4402417321973859 0.32438588842771365 0.02446053696899696 0.03261404929199593
0 0.42330751429577246 0.3670350298095546 0.030105276269534683 0.03763159533691841
0 0.4642318742246715 0.3714253825988618 0.040453964987187375 0.048921073937994
0 0.47222858823376657 0.32564027493894426 0.024460536968997033 0.03512282231445727
0 0.5173865026380686 0.32689466145017493 0.031986856036380684 0.032614049291995996
0 0.5404358547819313 0.3538639714416332 0.021638167318728065 0.03386843580322662
0 0.5898273236616369 0.3720525758544771 0.026342116735842965 0.0551930064941471
0 0.5583108625669676 0.41846487677000993 0.02728290661926586 0.047666687426763374
0 0.5056266290952817 0.42410961607054765 0.032927645919803655 0.06648248509522262
0 0.4703470084669206 0.4222280363037017 0.03575001557007262 0.04014036835937972
0 0.44588647149792365 0.465504370941158 0.052684233471685715 0.04641230091553283
0 0.4769325376508812 0.49310087418823145 0.020697377435305243 0.03135966278076538
0 0.45200160574017273 0.5119166718566908 0.034809225686649584 0.04139475487061034
0 0.42283711935406115 0.5664824850952225 0.021638167318728065 0.030105276269534898
0 0.4134292205198315 0.6197939118225236 0.025401326852419998 0.05142984696045545
0 0.4675246388166518 0.6975658755188218 0.03575001557007255 0.04641230091553268
0 0.510800973454108 0.675614111572286 0.03951317510376434 0.047666687426763305
0 0.4468272613813467 0.5664824850952225 0.03386843580322669 0.06021055253906958
0 0.47646214270916976 0.5765175771850676 0.02728290661926593 0.052684233471685854
0 0.5075082088621277 0.588434249041758 0.02728290661926586 0.058956166027839034
0 0.5733635007017349 0.6342193567016757 0.0460987042877251 0.04014036835937972
0 0.5935904831953286 0.5827895097412203 0.04703949417114814 0.07275441765137572
0 0.5728931057600234 0.5225789572021506 0.03763159533691841 0.04014036835937972
0 0.5385542750150855 0.45233331257323656 0.023519747085573996 0.032614049291996065
0 0.5766562652937153 0.47240349675292637 0.028223696502688824 0.047666687426763374
0 0.6020575921461352 0.4504517328063905 0.028223696502688897 0.03386843580322662
0 0.6415707672498998 0.45609647210692833 0.028223696502688824 0.03763159533691848
0 0.6180510201643256 0.49121929442138534 0.026342116735842965 0.03261404929199593
