0 0.4896195753612234 0.5488567253822548 0.04938777674510526 0.05098093083365697
0 0.4572254422273372 0.5453163829632508 0.028145722231081506 0.032571150254836354
0 0.45058730019170484 0.5070806848380081 0.05841564991356542 0.038235698125242835
0 0.4471354663331759 0.4840684591144823 0.018586797699770726 0.02619853390062936
0 0.434655759306187 0.4759256715507732 0.03292518449673679 0.05381320476886017
0 0.4888229983169476 0.4557457197624506 0.04354621175374874 0.04744058841465303
0 0.5193584516808567 0.4398141788769328 0.0207110031511732 0.03540342419003963
0 0.4816538049184645 0.42706894616851854 0.019648900425471894 0.038235698125242835
0 0.4837780103698669 0.39201955622037926 0.022835208602575534 0.038943766609043494
0 0.5047545392024654 0.37644204957676186 0.023366259965426153 0.027614670868230887
0 0.4412939013418194 0.41361564497630354 0.03876674948809338 0.03965183509284437
0 0.40943081957078375 0.4330875282808252 0.03345623585958748 0.03044694480343402
0 0.3958890098180936 0.46459657580996044 0.023366259965426225 0.03257115025483642
0 0.41367923047358846 0.5286767735939322 0.03345623585958741 0.041776040544246766
0 0.43518681066903747 0.5470865541727528 0.02124205451402375 0.027614670868230745
0 0.42987629704053165 0.6012537931835134 0.031863081771035695 0.03965183509284429
0 0.41367923047358857 0.5658503689934737 0.024959414053977936 0.024074328449226953
0 0.3964200611809443 0.5683286086867766 0.023366259965426083 0.024782396933027754
0 0.3865956109682082 0.5569995129459638 0.024959414053977936 0.024782396933027754
0 0.36508803077275914 0.549918828107956 0.025490465416828485 0.04602445144705136
0 0.3653535564541845 0.5169936436112191 0.036642544036690976 0.02832273935203176
0 0.26259511774259453 0.5952352110712067 0.0403599035766452 0.029030807835832492
0 0.28967873724797477 0.5878004919912982 0.026552568142529723 0.02973887631963322
0 0.3234004987889875 0.5676205402029758 0.04195305766519699 0.051688999317457844
0 0.32552470424038993 0.5396518350928444 0.02071100315117313 0.04814865689845384
0 0.28171296680521585 0.552751102043159 0.021242054514023785 0.03469535570623883
0 0.3127794715319756 0.50885085604751 0.026021516779679104 0.024782396933027827
0 0.28675795475229654 0.43910611039313197 0.02283520860257557 0.06372616354207125
0 0.31118631744342384 0.43556576797412805 0.0292078249567826 0.05239706780125864
0 0.3284454867360681 0.4861926645658847 0.02761467086823096 0.041776040544246766
0 0.36216724827708086 0.4794660139697771 0.05363618764790999 0.05239706780125864
0 0.35765331169285075 0.39945427530028765 0.04354621175374874 0.05239706780125857
0 0.3316317949131717 0.33218776933921235 0.030800979045334458 0.04956479386605544
0 0.31463815130195266 0.3052811669547823 0.025490465416828485 0.058061615671664873
0 0.30029976450498663 0.28474718092455936 0.024428362691127317 0.04956479386605544
0 0.4266899888634279 0.2974924136329735 0.033987287222437955 0.046732519930852236
0 0.43093839976623277 0.34174669387052314 0.0424841090280475 0.040359903576645165
0 0.47209488038715386 0.3647589195940488 0.050449879470806425 0.06089388960686819
0 0.4404973242975434 0.3796283577538655 0.029738876319633293 0.048148656898453907
0 0.4115550250221861 0.3969760356069849 0.019648900425471964 0.04319217751184823
0 0.38155062302112763 0.41326161073440315 0.027614670868230887 0.04744058841465303
0 0.2853020521053832 0.2446484806728926 0.03231792666483706 0.027663081260436685
0 0.30664784317413357 0.22789103721705117 0.03351488691168281 0.04309056888644939
0 0.36130902778009255 0.19836601779485435 0.03431286040958014 0.03511083390747725
0 0.3433546240774053 0.16804302487476036 0.023141231439019094 0.0308549752520255
0 0.25856993992582666 0.17921465384532131 0.020348324196378834 0.03298290457975135
