0 0.44812959448443224 0.3605661274706465 0.03965312731782731 0.046650738020973324
0 0.4022563687638085 0.38492817954826575 0.03343302891503086 0.03939395655104413
0 0.369989608299302 0.41706535462938077 0.03887561501747776 0.04146732268530961
0 0.3948700019104877 0.46008770191538945 0.03110049201398226 0.04457737188670784
0 0.4457970575833836 0.4346889667706374 0.025657905911535366 0.03524722428251316
0 0.4749537688464919 0.38596486261539836 0.029545467413283077 0.03732059041677864
0 0.37931975590349665 0.5186602952083894 0.03110049201398226 0.055980885625168
0 0.3657132906473794 0.5684210824307607 0.03965312731782731 0.03939395655104406
0 0.42985805542621774 0.5171052706076903 0.029545467413283077 0.042504005752442356
0 0.47028869504439447 0.4901515108622389 0.04043063961817694 0.05701756869230067
0 0.4905040148534831 0.4295055514349737 0.02488039361118567 0.031100492013982118
0 0.5013891870583767 0.4103269146930179 0.04043063961817683 0.04457737188670805
0 0.5142181400141443 0.3750796904105048 0.02876795511293352 0.03835727348391146
0 0.5363772405741067 0.4056618408909206 0.03421054121538049 0.03524722428251316
0 0.586526783946653 0.41499198849511515 0.04120815191852643 0.055980885625167925
0 0.6382313519198983 0.41395530542798253 0.024880393611185596 0.03110049201398219
0 0.4516283998360052 0.5279904428125839 0.023325369010486624 0.02695375974545129
0 0.5383210213249806 0.4631977511167877 0.039653127317827386 0.046650738020973324
0 0.5701990256393124 0.47200955718741594 0.019437807508738913 0.03317385814824767
0 0.5884705646975269 0.5191786367419556 0.046650738020973324 0.03835727348391131
0 0.6230698620630821 0.5191786367419557 0.022547856710136996 0.03835727348391139
0 0.6168497636602857 0.5642743501622298 0.03343302891503086 0.0393939565510442
0 0.6203485690118584 0.6171451865859996 0.0326555166146813 0.05805425175943348
0 0.6180160321108099 0.6710527060769022 0.03421054121538049 0.03939395655104406
0 0.5783629047929825 0.5777512300349555 0.027990442812584036 0.0352472242825133
0 0.5519274865810978 0.5580542517594335 0.02488039361118567 0.04354068881957495
0 0.5204382384169408 0.5554625440916016 0.03654307811642909 0.04457737188670784
0 0.48894899025278377 0.5533891779573361 0.026435418211884852 0.0362839073496459
0 0.4562934736381025 0.5818979623034864 0.02643541821188492 0.047687421088106065
0 0.4178066147707995 0.5632376670950971 0.03654307811642909 0.03939395655104406
0 0.4038113933645075 0.6021132821125748 0.03498805351573005 0.04665073802097346
0 0.427525518525169 0.6187002111866987 0.021770344409787656 0.03835727348391146
0 0.39759129496171114 0.6326954325929908 0.025657905911535293 0.03524722428251309
0 0.5072205293109984 0.6057416728475394 0.024102881310836183 0.029027125879716776
0 0.49827913785697847 0.644098946331451 0.024880393611185738 0.0352472242825133
0 0.5632014149361664 0.6409888971300526 0.03654307811642909 0.053907519490902445
0 0.5779741486428079 0.6809011952146633 0.02721293051223455 0.04250400575244228
0 0.5530937550316222 0.7467305699775924 0.02876795511293359 0.035247224282513374
0 0.5095530662120471 0.7742026712566098 0.024102881310836252 0.032137175081115
0 0.399535075712585 0.7679825728538134 0.03110049201398219 0.03628390734964583
0 0.4675674019931711 0.729625299369902 0.02410288131083611 0.03421054121538034
0 0.4403544714809366 0.684529585949628 0.02876795511293352 0.03524722428251323
0 0.4675674019931711 0.6917863674195569 0.030322979713632847 0.0393939565510442
0 0.49167028330400725 0.7151117364300437 0.020992832109438028 0.027990442812584036
0 0.5064430170106489 0.6912680258859908 0.022547856710137138 0.03006380894684952
