0 0.3171187718755322 0.6793461706139641 0.027990442812583928 0.06427435016222986
0 0.3194513087765809 0.6705343645433356 0.06686605783006168 0.05079747028950422
0 0.3509405569407377 0.7016348565573179 0.03343302891503086 0.048724104155238736
0 0.3657132906473792 0.7368820808398311 0.034988053515730116 0.04457737188670787
0 0.39914631956241026 0.7778310619915743 0.056758397925517415 0.035247224282513374
0 0.3952587580606625 0.7342903731719994 0.030322979713632563 0.05805425175943341
0 0.4391882030304124 0.7259969086349375 0.0653110332293626 0.037320590416778716
0 0.47495376884649176 0.6876396351510258 0.02643541821188492 0.037320590416778716
0 0.5006116747580271 0.7192584686985746 0.023325369010486624 0.05701756869230081
0 0.33150274943199887 0.5865630361055837 0.025657905911535293 0.06945776549789365
0 0.3622144852958064 0.5647926916957963 0.021770344409787583 0.03835727348391139
0 0.357549411493709 0.5958931837097785 0.02021531980908847 0.027990442812583963
0 0.36143697299545635 0.6238836265223622 0.018660295208389268 0.027990442812584206
0 0.3886499035076912 0.6223286019216634 0.023325369010486624 0.03110049201398226
0 0.4119752725181779 0.6549841185363446 0.054425861024468815 0.04043063961817687
0 0.45201715598618003 0.6321770910594243 0.047428250321322876 0.061164300960831565
0 0.4730099880956179 0.6010765990454421 0.025657905911535224 0.03421054121538049
0 0.5091643100618726 0.5943381591090793 0.03887561501747783 0.03524722428251309
0 0.47884133034823967 0.5570175686923006 0.043540688819575166 0.04561405495384051
0 0.4788413303482397 0.5088118060706281 0.03421054121538042 0.04665073802097325
0 0.43063556772656725 0.49533492619790265 0.049760787222371546 0.06531103322936267
0 0.3894274158080407 0.4901515108622389 0.03110049201398219 0.03835727348391139
0 0.369989608299302 0.5186602952083894 0.03421054121538042 0.049760787222371546
0 0.6374538396195488 0.11870021118669874 0.02643541821188478 0.03835727348391139
0 0.4407432276311114 0.2052632472922825 0.03887561501747776 0.037320590416778605
0 0.47534252499666674 0.21874012716500815 0.025657905911535293 0.037320590416778605
0 0.4267480062248195 0.23791876390696387 0.04043063961817687 0.032137175081114966
0 0.45085088753565544 0.28145945272653894 0.026435418211884852 0.042504005752442356
0 0.41702910247045 0.27938608659227343 0.03498805351572997 0.048724104155238805
0 0.39564751421083727 0.35299058435869796 0.024880393611185738 0.04043063961817694
0 0.4162515901701003 0.3234451169454149 0.024102881310836183 0.03939395655104409
0 0.43568939767883924 0.35195390129156523 0.030322979713632636 0.048724104155238805
0 0.46290232819107374 0.3410687290866716 0.020992832109438028 0.03110049201398226
0 0.48350640415033697 0.385127759439813 0.03732059041677864 0.044577371886707906
0 0.445019545283034 0.38875615017477755 0.024102881310836252 0.029027125879716776
0 0.45784849823880175 0.4281501067258217 0.048205762621672366 0.03732059041677864
0 0.350551800790563 0.42400337445729064 0.043540688819575096 0.03732059041677864
0 0.32994772483129986 0.47065411247826394 0.03654307811642909 0.053907519490902445
0 0.3221726018278043 0.5297450473048301 0.02254785671013707 0.03110049201398226
0 0.44540830143320875 0.706100350467868 0.0202153198090884 0.04250400575244228
0 0.4461858137335583 0.7470493316196115 0.023325369010486697 0.026953759745451153
