0 0.3689647057215686 0.6036683067132743 0.03791175679390392 0.05483282338553337
0 0.40205717139760333 0.6062385953094713 0.0334137517505593 0.039411091808352054
0 0.42197690801812904 0.5663991220684196 0.039839473241051596 0.06425721490492187
0 0.4502500825762947 0.5599734005779274 0.029558318856264164 0.04455166900074595
0 0.47659554068731275 0.5368408032121557 0.029558318856264094 0.05997340057792698
0 0.5061538595435766 0.5334137517505598 0.02184745306767347 0.025702885961968746
0 0.5341057480272178 0.4850066498555185 0.027630602409116422 0.04369490613534687
0 0.524788451866004 0.4263183935756898 0.04240976183724832 0.06168692630872506
0 0.4807722596561327 0.47601063976882935 0.04433747828439614 0.05483282338553337
0 0.4643866698553776 0.43017382646998503 0.028273174558165692 0.05568958625093231
0 0.4878405532956741 0.4040425590753168 0.030200891005313295 0.04112461753915
0 0.4910534140409202 0.3556354571802756 0.04305233398629767 0.06254368917412392
0 0.529929029058398 0.34963811712248294 0.028273174558165692 0.060830163443326125
0 0.48591283684852643 0.30465806668903755 0.0340563238996085 0.03769756607755419
0 0.46020995088655764 0.27338622210197555 0.035341468197707115 0.03855432894295316
0 0.43065163203029355 0.30422968525633814 0.04305233398629767 0.059116637712528154
0 0.4274387712850475 0.347924591391685 0.03919690109200232 0.04026785467375106
0 0.437077353520786 0.37705452881524976 0.035341468197707046 0.03512727748135738
0 0.4637440977063285 0.36463146726696477 0.02698803026006722 0.037697566077554256
0 0.3724988525413393 0.2948052937369499 0.041124617539149776 0.07967894648210315
0 0.33362323752386147 0.3157959839392241 0.03277117960151013 0.049692246193139625
0 0.31434607305238493 0.35306516858407877 0.044337478284396104 0.05568958625093224
0 0.3863141537458975 0.34578268422818764 0.04562262258249454 0.06168692630872499
0 0.38856315626756965 0.3864789203346382 0.04369490613534687 0.041981380404549
0 0.34037024508887836 0.3967600747194257 0.04112461753915007 0.05226253478933643
0 0.3034223465185482 0.41903590921979855 0.02891574670721486 0.04540843186614481
0 0.3265549438843201 0.43488602222967926 0.03662661249580541 0.04112461753915007
0 0.3818161487025529 0.4276035378737882 0.041767189688199265 0.0522625347893365
0 0.41394475615501397 0.4173223834890008 0.03791175679390384 0.048835483327740924
0 0.41876404727288297 0.44388203231636836 0.01670687587527965 0.02998670028896349
0 0.43193677632839195 0.440026599422073 0.018634592322427396 0.03255698888516043
0 0.2924986199847114 0.5244177416638705 0.031486035303411694 0.04369490613534687
0 0.2934624782082853 0.48457826842281887 0.02184745306767347 0.03427051461595831
0 0.31370350090333576 0.4768674026342284 0.02634545811101798 0.03427051461595823
0 0.3474385387284197 0.4687281554129383 0.047550339029642286 0.038554328942953194
0 0.3792458601063561 0.4717268254418346 0.025060313812919545 0.03427051461595831
0 0.40591260429189857 0.4653011039513424 0.024417741663870344 0.029986700288963563
0 0.4296877738067197 0.4682997739802387 0.02184745306767354 0.022275834500372797
0 0.4303303459557691 0.4862917941536173 0.06297207060682321 0.06682750350111917
0 0.39755916635425875 0.5089960100866894 0.055261204818232844 0.0522625347893365
0 0.3847077233732743 0.5355556589140572 0.04112461753914992 0.04712195759694275
0 0.38599286767137286 0.566827503501119 0.04369490613534687 0.04112461753914985
0 0.3194866502447786 0.5055689586250934 0.023775169514821143 0.031700226019761434
0 0.35675583488963336 0.5038554328942957 0.03148603530341177 0.041981380404549073
0 0.34037024508887825 0.5419813804045494 0.030843463154362497 0.039411091808352124
0 0.33137423500218915 0.5681126477992174 0.04112461753915007 0.04026785467375099
