0 0.6575 0.05444444444444445 0.028333333333333287 0.05111111111111111
0 0.6991666666666667 0.15444444444444447 0.02833333333333343 0.051111111111111086
0 0.585 0.19888888888888887 0.033333333333333354 0.03777777777777775
0 0.5183333333333333 0.1733333333333333 0.036666666666666646 0.04888888888888891
0 0.5108333333333333 0.22666666666666668 0.03166666666666664 0.04
0 0.4325 0.2555555555555556 0.028333333333333287 0.035555555555555535
0 0.4649999999999999 0.3144444444444445 0.033333333333333354 0.05555555555555561
0 0.4983333333333334 0.36111111111111116 0.02000000000000007 0.037777777777777785
0 0.615 0.5088888888888888 0.033333333333333354 0.05333333333333336
0 0.6525 0.53 0.03166666666666657 0.05555555555555557
0 0.7958333333333333 0.5166666666666667 0.03833333333333343 0.037777777777777785
0 0.745 0.6088888888888889 0.026666666666666713 0.03999999999999993
0 0.4332219206264905 0.3941897861232288 0.04947805547678989 0.04712195759694268
0 0.3895270144911435 0.40961151770041004 0.027630602409116422 0.043694906135346795
0 0.36093255385845324 0.39718845615212517 0.0424097618372484 0.053119297654735435
0 0.3673582753489455 0.43360087793158086 0.035984040346756244 0.035127277481357314
0 0.4463946496819994 0.51670687587528 0.025702885961968746 0.04540843186614488
0 0.3304103767786154 0.49957161856730076 0.03919690109200232 0.04198138040454893
0 0.30888420978546655 0.5432665247026476 0.03469889604865784 0.041981380404549
0 0.2584422960851029 0.579250565049404 0.027630602409116457 0.033413751750559516
0 0.36671570319989627 0.5822492350783003 0.028273174558165623 0.037697566077554256
0 0.43097291810481814 0.5998128738189789 0.039839473241051596 0.04540843186614474
0 0.49169598618996935 0.5826776165109996 0.03277117960151017 0.04883548332774062
0 0.5045474291709537 0.6225170897520514 0.03662661249580559 0.034270514615958515
0 0.36510927282727323 0.680348583166481 0.02634545811101802 0.05568958625093216
0 0.4515352268743932 0.7257570150326258 0.04240976183724854 0.03684080321215532
0 0.3708924221687163 0.8457038161884803 0.02506031381291961 0.04369490613534687
0 0.38438643729874983 0.8851149079968323 0.018634592322427396 0.028273174558165692
0 0.5164350139283643 0.7386084580136102 0.020562308769575 0.03684080321215518
0 0.5357121783998409 0.7368949322828123 0.020562308769575 0.045408431866144953
0 0.542137899890333 0.7060514691284497 0.026988030260067148 0.043694906135346795
0 0.5170775860774135 0.7077649948592477 0.028273174558165692 0.02998670028896342
0 0.6025396819009596 0.6949135518782633 0.028273174558165623 0.031700226019761434
0 0.5986842490066643 0.6447929242524243 0.039839473241051665 0.059973400577927195
0 0.4733826799420666 0.9014722704791197 0.026988030260067148 0.029129937423564626
0 0.5196478746736104 0.9186075277870994 0.025702885961968746 0.037697566077554256
0 0.46792081667514823 0.9425968880182697 0.026345458111017947 0.030843463154362497
0 0.6205317020743376 0.8252203754586124 0.021847453067673328 0.029129937423564626
0 0.6266361374903053 0.8457826842281874 0.03534146819770698 0.05483282338553323
0 0.6790057676378166 0.824791994025913 0.028273174558165692 0.03512727748135745
0 0.7381224053503449 0.80251615952554 0.02184745306767354 0.035127277481357314
0 0.7458332711389355 0.7451130475438097 0.04883548332774069 0.04369490613534694
0 0.6998893624819164 0.7022749042738616 0.035341468197707115 0.03512727748135717
0 0.7551505673001493 0.6427298851286344 0.03534146819770698 0.027416411692766617
