0 0.24325510334232447 0.6218102603880971 0.02643541821188492 0.03213717508111493
0 0.3178962841758817 0.7363637393062646 0.04509571342027421 0.04146732268530954
0 0.38087478050419565 0.7244418840342383 0.0326555166146813 0.04250400575244228
0 0.43879944688023753 0.717185102564309 0.02876795511293359 0.04665073802097325
0 0.42558173777429503 0.6834929028824949 0.024102881310836252 0.03524722428251323
0 0.4664011335426466 0.6580941677377419 0.05442586102446868 0.04043063961817673
0 0.5266583368197374 0.6440989463314507 0.02876795511293359 0.05598088562516807
0 0.555037535782496 0.6689793399426364 0.023325369010486697 0.031100492013982118
0 0.47689754959736574 0.6187002111866987 0.044318201119924655 0.0362839073496459
0 0.5122743592632706 0.5627193255615307 0.02643541821188492 0.0362839073496459
0 0.5375435090246312 0.5269537597454512 0.025657905911535366 0.03524722428251323
0 0.4823401356998127 0.5554625440916016 0.04120815191852636 0.0590909348265663
0 0.4629023281910737 0.547687421088106 0.03187800431433189 0.03524722428251309
0 0.44890710678478185 0.58137962076992 0.019437807508738913 0.04043063961817694
0 0.3762097067020984 0.6679426568755039 0.026435418211884852 0.0393939565510442
0 0.4104202479174788 0.6254386511230616 0.049760787222371546 0.03939395655104413
0 0.4057551741153814 0.5953748421762121 0.027990442812583963 0.04561405495384065
0 0.38087478050419554 0.6109250881832022 0.02488039361118589 0.031100492013982173
0 0.36143697299545663 0.6477273370664152 0.02488039361118581 0.0404306396181768
0 0.33422404248322235 0.6440989463314508 0.021770344409787513 0.03110049201398226
0 0.3264489194797268 0.6181818696531323 0.027990442812584036 0.029027125879716707
0 0.30662235582081315 0.5901914268405483 0.027212930512234373 0.03524722428251316
0 0.2910721098138221 0.5575359102258672 0.03343302891503086 0.0362839073496459
0 0.33111399328182417 0.5549442025580352 0.03576556581607946 0.041467322685309754
0 0.3816522928045454 0.5606459594272651 0.04043063961817687 0.03628390734964597
0 0.5278246052702616 0.45905101884825666 0.04043063961817687 0.06738439936362801
0 0.488171477952434 0.43728067443846913 0.029545467413283077 0.05079747028950429
0 0.47339874424579276 0.4730462402545487 0.027990442812583963 0.043540688819575096
0 0.44074322763111146 0.39218496101819494 0.02643541821188478 0.03939395655104413
0 0.44463078913285903 0.4564593111804248 0.02488039361118581 0.060127617893698825
0 0.44540830143320875 0.507256781469929 0.02954546741328315 0.03524722428251316
0 0.4104202479174786 0.403588474756655 0.026435418211884852 0.049760787222371546
0 0.3781534874529723 0.3932216440853277 0.022547856710137138 0.026953759745451222
0 0.38398482970559383 0.4191387207636463 0.0326555166146813 0.029027125879716707
0 0.30662235582081315 0.4232854530321771 0.027212930512234442 0.03317385814824767
0 0.28757330446224905 0.4756379479223804 0.0404306396181769 0.052870836423769635
0 0.3454979708382909 0.43935404057273475 0.025657905911535366 0.027990442812583963
0 0.3350015547835719 0.477711314056646 0.032655516614681336 0.04043063961817687
0 0.3622144852958064 0.4766746309895133 0.0202153198090884 0.04457737188670784
0 0.38592861045646787 0.48341307092587615 0.022547856710136996 0.03317385814824775
0 0.4189728832213239 0.4844497539930089 0.027990442812583893 0.05390751949090258
0 0.32100633337727996 0.49637160926503526 0.026435418211884852 0.030063808946849378
0 0.31439747882430874 0.5285087843461502 0.0380981027171282 0.030063808946849378
0 0.3719333890501758 0.5171052706076902 0.03965312731782731 0.03421054121538034
0 0.3851510981561182 0.5331738581482476 0.019437807508738913 0.024880393611185738
0 0.4042001495146823 0.5357655658160795 0.0326555166146813 0.030063808946849447
