0 0.33844252864173063 0.46872815541293816 0.037269184644854646 0.04883548332774062
0 0.3821374347770777 0.5291299374235647 0.024417741663870344 0.030843463154362497
0 0.437719925669835 0.4794376912304251 0.030200891005313295 0.056546349116331385
0 0.4370773535207857 0.577537039318606 0.025060313812919618 0.03855432894295333
0 0.4711336774203946 0.5458368132988446 0.023775169514821143 0.031700226019761434
0 0.555310628945842 0.5539760605201347 0.0224900252167226 0.029129937423564626
0 0.5829412313549585 0.499143237134601 0.027630602409116564 0.03769756607755412
0 0.4888044115192479 0.4181791463543996 0.0321286074524609 0.04026785467375106
0 0.5652704972561048 0.36848690016126 0.029558318856264094 0.04026785467375106
0 0.5501700517534482 0.33550152984340015 0.023775169514821073 0.027416411692766686
0 0.5280013126112502 0.33550152984340015 0.019277164471476524 0.027416411692766686
0 0.4650292420044268 0.39761683758482463 0.028273174558165692 0.03855432894295312
0 0.4412540724896057 0.43274411506618193 0.024417741663870344 0.0317002260197615
0 0.42358333839075213 0.42331972354679337 0.023775169514821073 0.035127277481357314
0 0.44382436108580264 0.4100398991331096 0.020562308769575 0.029129937423564557
0 0.4515352268743931 0.37705452881524965 0.020562308769575 0.0317002260197615
0 0.4312942041793427 0.3547786943148767 0.0212048809186242 0.024846123096569812
0 0.42358333839075213 0.3826234874403429 0.023775169514821143 0.035984040346756244
0 0.4178001890493091 0.40318579620991785 0.025060313812919545 0.027416411692766686
0 0.3220569388409756 0.40190065191181945 0.03405632389960861 0.03341375175055937
0 0.28157489345087483 0.43574278509507813 0.027630602409116384 0.03598404034675631
0 0.2992456275497283 0.4670146296821403 0.02570288596196878 0.04540843186614474
0 0.3146673591269095 0.5179920201733783 0.024417741663870274 0.04112461753915007
0 0.3278400881824186 0.5475503390296426 0.019919736620525798 0.028273174558165692
0 0.32141436669192636 0.3534935500167783 0.039196901092002356 0.04455166900074588
0 0.304386204742122 0.3192230354008199 0.04498005043344531 0.035984040346756244
0 0.39948688280140643 0.28109708789056626 0.024417741663870274 0.040267854673751095
0 0.4303303459557689 0.2562509647939964 0.038554328942953194 0.043694906135346906
0 0.4708123913458698 0.2716726963711777 0.020562308769575 0.028273174558165585
0 0.49908556590403536 0.3050864481217371 0.02955831885626402 0.04712195759694268
0 0.5032622848728553 0.2673888820441829 0.019919736620525656 0.026559648827367718
0 0.5145072974812166 0.2421143775149136 0.02698803026006722 0.03598404034675628
0 0.53635475054889 0.2742429849673746 0.02698803026006708 0.04883548332774072
0 0.5912946692925982 0.26567535631338496 0.025060313812919618 0.04540843186614477
0 0.5080815759907245 0.1650057196290073 0.02698803026006722 0.04112461753915
0 0.4733826799420666 0.16629086392710576 0.024417741663870274 0.029986700288963563
0 0.4441456471603271 0.19584918278336982 0.034056323899608644 0.034270514615958377
0 0.4107318954097677 0.19327889418717298 0.025060313812919618 0.03598404034675628
0 0.4435030750112779 0.1590083795712146 0.018634592322427396 0.02741641169276667
0 0.4663143863025252 0.12516624638795573 0.02570288596196882 0.036840803212155215
0 0.44671593575652396 0.09817821612788853 0.0212048809186242 0.02912993742356459
0 0.3834225790751759 0.12859329784955156 0.03341375175055937 0.03684080321215521
0 0.37828200188278216 0.17057467825410055 0.03212860745246097 0.045408431866144794
0 0.3535429741443872 0.18770993556207968 0.025060313812919545 0.03855432894295316
0 0.5561433879931365 0.6276134750965703 0.027320538214602834 0.047052038036260416
