0 0.4185431536193846 0.8002323983200756 0.03346335310771217 0.06340424799355987
0 0.38640072234487177 0.7697044270639171 0.029060280330381615 0.061055942512316934
0 0.4401182102283046 0.7573758232873916 0.041388884106907255 0.052836873327966744
0 0.47886525066881325 0.7855554890623071 0.050195029661568344 0.06457840073418125
0 0.4986790781668008 0.808451467504426 0.022895978442119123 0.030527971256158512
0 0.5290602803303817 0.8025807038013187 0.030821509441313778 0.042269498662373325
0 0.5603220970494287 0.7879037945435502 0.03522458221864433 0.048140262365480455
0 0.5867405337134117 0.7614853578795666 0.02994089488584784 0.0352245822186444
0 0.6012706738786028 0.7309573866234085 0.023776592997584986 0.03287627673740161
0 0.595546679268073 0.7021906444781817 0.031702123996780004 0.041095345921751944
0 0.59510637199034 0.6640306804079839 0.027299051219449522 0.0399211931811304
0 0.6241666523207218 0.6558116112236337 0.03434396766317839 0.03522458221864426
0 0.5127689110542585 0.767943197952985 0.031702123996780004 0.04579195688423766
0 0.5374261186073097 0.7697044270639171 0.02113474933118674 0.025831360293672532
0 0.5497547223838353 0.7526792123249058 0.01937352022025436 0.02700551303429407
0 0.38067672773434197 0.636438091003379 0.024657207553051067 0.02935381851553714
0 0.40753547167605847 0.6922103461828994 0.03258273855224608 0.06340424799355987
0 0.4370360592841731 0.611780883450328 0.03698581132957656 0.043443651402994804
0 0.4718203342250845 0.6376122437440006 0.037866425885042784 0.043443651402994804
0 0.44628251211656733 0.6610952985564302 0.02553782210851715 0.034050429478023
0 0.45288712128256314 0.7016035681078714 0.02994089488584777 0.05401102606858814
0 0.48458924527934316 0.6851654297391704 0.03698581132957656 0.037572887699887474
0 0.5171719838315891 0.6875137352204134 0.028179665774915676 0.03992119318113026
0 0.47358156333601653 0.7215641646984365 0.029060280330381615 0.03992119318113026
0 0.500440307277733 0.7186287828468828 0.028179665774915534 0.05753348429045275
0 0.5281796657749156 0.7297832338827868 0.03258273855224616 0.051662720587345064
0 0.5554787169943648 0.7004294153672497 0.037866425885042715 0.07749408088101774
0 0.5788150027142167 0.688687887961035 0.028179665774915534 0.03287627673740147
0 0.6100768194332639 0.6217611817456106 0.03258273855224608 0.037572887699887335
0 0.5779343881587503 0.6223482581159212 0.03698581132957615 0.0410953459217518
0 0.5277393584971825 0.6329156327815147 0.028179665774915465 0.03639873495926594
0 0.4995596927222669 0.6241094872268537 0.0334633531077121 0.039921193181130334
0 0.555919024272098 0.6246965635971643 0.01937352022025436 0.031702123996779935
0 0.5779343881587509 0.5724467666395084 0.051075644217034366 0.04461780414361634
0 0.5277393584971825 0.5976910505628702 0.03522458221864447 0.03639873495926593
0 0.5198138274979864 0.5677501556770224 0.029940894885847707 0.04461780414361639
0 0.5479934932729031 0.5548344755301862 0.026418436663983372 0.03287627673740154
0 0.4546483503934954 0.5630535447145365 0.028179665774915607 0.05166272058734535
0 0.4801861725020126 0.5501378645677002 0.028179665774915465 0.05401102606858807
0 0.4396779029505716 0.4937785330178691 0.021134749331186597 0.028179665774915534
0 0.42162530456351616 0.5272418861255814 0.044911342328771656 0.04814026236548074
0 0.4603723450040251 0.514326205978745 0.03258273855224608 0.041095345921751875
0 0.4867907816680084 0.47440501279761477 0.023776592997585055 0.027005513034293997
0 0.4903132398898729 0.49847514398035514 0.027299051219449522 0.03522458221864433
0 0.5114479892210595 0.5084554422756377 0.025537822108517218 0.031702123996780004
0 0.5180525983870554 0.5348738789396211 0.049314415106102204 0.046966109624859274
