0 0.783638981854609 0.4635726157138629 0.040980807321904254 0.05160546107202755
0 0.4722986817840311 0.4688849425889245 0.037565740045078753 0.05008765339343853
0 0.5565370079457229 0.518972595982363 0.0352890285271954 0.05008765339343853
0 0.508726066070168 0.5159369806251849 0.03984245156296247 0.05008765339343853
0 0.41993431687270905 0.4946876731249382 0.03528902852719526 0.044016422679082366
0 0.3533405049746148 0.47799178866045866 0.040980807321904254 0.047052038036260416
0 0.372692552876625 0.5364273842861371 0.036427384286137114 0.05767669178638364
0 0.43188705234159785 0.5455342303576712 0.034150672768253544 0.05767669178638364
0 0.458892425945254 0.5514298469604552 0.028223696502688755 0.03763159533691834
0 0.5346260115608024 0.5608377457946847 0.03857238522034145 0.04641230091553275
0 0.2373364083991464 0.6856492036621308 0.02728290661926586 0.03763159533691848
0 0.25521141618418275 0.7527588820129685 0.04421712452087924 0.04892107393799407
0 0.30131012047190786 0.8850966589477989 0.031046066152957685 0.04766668742676344
0 0.347408824759633 0.8694168275574162 0.03669080545349544 0.04641230091553283
0 0.2871982722205634 0.6204211050781389 0.04233554475403327 0.055193006494146955
0 0.3158923636649637 0.579653543463144 0.030105276269534756 0.04641230091553275
0 0.3450568500510755 0.5746359974182212 0.030105276269534825 0.03888598184814917
0 0.38880357963024326 0.5871798625305276 0.032927645919803655 0.04139475487061027
0 0.34787921970134433 0.616657945544447 0.026342116735842892 0.04014036835937965
0 0.41326411659924034 0.6085044332214481 0.03857238522034152 0.043903527893071656
0 0.48382335785596225 0.5915702153198347 0.032927645919803725 0.04264914138184082
0 0.4838233578559625 0.6260658443786767 0.025401326852419998 0.0388859818481491
0 0.519573373426035 0.6097588197326788 0.031046066152957793 0.04641230091553275
0 0.5680240524223172 0.6304561971679838 0.03951317510376441 0.05519300649414724
0 0.6116012714685662 0.7009108919360558 0.02698803026006722 0.028273174558165692
0 0.5945731095187619 0.6640700887239006 0.041767189688199265 0.06083016344332592
0 0.553448491979612 0.6769215317048852 0.034056323899608575 0.04198138040454893
0 0.5068620111735435 0.658072748666108 0.04112461753915 0.057403111981730245
0 0.5312797528374138 0.7060514691284497 0.04369490613534687 0.05740311198173032
0 0.43425135833098183 0.687631067522372 0.03469889604865784 0.04112461753915
0 0.3947331711644548 0.6829188717626777 0.03791175679390392 0.0402678546737512
0 0.40051632050589775 0.7240434893018278 0.04048204539010079 0.03855432894295305
0 0.44099836589599845 0.7754492612257653 0.023775169514821073 0.0334137517505593
0 0.4827655555841977 0.7574572410523873 0.04562262258249454 0.0505490090585387
0 0.4297533532876372 0.8085134995833326 0.02698803026006722 0.03341375175055944
0 0.48597841632944383 0.8385001998722962 0.034056323899608575 0.04026785467375106
0 0.5556974945012841 0.877482910247949 0.025702885961968746 0.030843463154362354
0 0.4303959254366863 0.8513516428532806 0.035984040346756244 0.04198138040454893
0 0.45545623924960615 0.8804815802768456 0.03341375175055938 0.040267854673751054
0 0.41272519133783286 0.9001871261810213 0.04305233398629767 0.05226253478933643
0 0.5415609072222013 0.7995174894966438 0.025702885961968746 0.03769756607755412
0 0.5643722185134485 0.8170811282373223 0.041767189688199265 0.03512727748135717
0 0.5820429526123021 0.7840957579194623 0.03212860745246104 0.035984040346756244
0 0.5881473880282697 0.7451130475438097 0.04562262258249462 0.03684080321215518
