0 0.4750003018929977 0.5087777084768694 0.017555416953738644 0.02340722260498488
0 0.5208638286846399 0.511118430737368 0.027649781702138228 0.044473722949471294
0 0.5153777608865966 0.45406332563771734 0.024577583735234255 0.03803673673310044
0 0.5250332402111528 0.5652476330113955 0.026333125430608107 0.03920709786334974
0 0.47829194257182367 0.5757808831836386 0.03467194848363377 0.03920709786334967
0 0.5083555941051011 0.6263990020669185 0.028966437973668917 0.04330336181922199
0 0.4434005513762682 0.5912881681594411 0.030721979669042623 0.03745155616797568
0 0.43637838459477263 0.4426523046177872 0.035988604755164244 0.056177334251963626
0 0.39907312356807806 0.4950259651964409 0.021944271192173303 0.029844208821355665
0 0.35891510728640086 0.47366687456939216 0.023260927463703708 0.024577583735234113
0 0.37317888356131346 0.5137517432804287 0.029844208821355665 0.0356960144726019
0 0.3738372116970787 0.5672957649893317 0.03730526102669465 0.03394047277722812
0 0.40741194662110386 0.6161583421772374 0.03511083390747729 0.045058903514595766
0 0.35386792491220104 0.6114768976562406 0.03511083390747736 0.03920709786334967
0 0.4166285405218167 0.6691171833210157 0.028088667125981813 0.03511083390747729
0 0.4495449473100767 0.6562432108882742 0.02369981288754708 0.035110833907477074
0 0.4721475466380152 0.7071539200541161 0.03467194848363377 0.045644084079720385
0 0.38217603475010464 0.6995465727074961 0.02501646915907756 0.029259028256230977
0 0.3409208049088188 0.6863800099921921 0.02150538576832993 0.02867384769110643
0 0.30449331472981106 0.7080316909018031 0.03379417763594688 0.05910323707758664
0 0.3450902164353317 0.7340722260498488 0.027210896278294854 0.05032552860071746
0 0.37625108152821773 0.7674275182619522 0.02984420882135554 0.04096263955872345
0 0.41180080085953863 0.7495795110256512 0.027210896278294924 0.03569601447260183
0 0.2678463818388817 0.6603394748441466 0.031599750516729516 0.04330336181922192
0 0.2290050218287349 0.6334211688484138 0.030283094245199215 0.043303361819222064
0 0.24677988149439528 0.601528828049122 0.02545535458292104 0.033355292212103295
0 0.2788185174349683 0.588362265333818 0.021944271192173338 0.028088667125981886
0 0.14562196411525746 0.6129358560047738 0.01962229912861993 0.028541526005265397
0 0.21593520265947894 0.540392810741391 0.03002806381803957 0.048362030175588655
0 0.2544365320103318 0.513040514986345 0.048758440258995034 0.04519074950833691
0 0.25503114713544145 0.5534743434938043 0.026757680629936297 0.030127166338891342
0 0.30453285630082355 0.5586276745780885 0.03300113944358806 0.04915485034240156
0 0.3345609201188633 0.532662814114965 0.037163445319355976 0.047172799925369165
0 0.3278714999613792 0.48212052848064063 0.01962229912862 0.02695588567163945
0 0.2850592109534811 0.4658677150609758 0.03210921675592356 0.04201946884108509
0 0.2517607639473381 0.43811900922252334 0.02913614113037504 0.04043382850745928
0 0.3078032394889269 0.41691106976027753 0.027649603317600864 0.03607331758998818
0 0.29695151345567494 0.3850000580460572 0.029136141130375107 0.026955885671639594
0 0.31583054367790775 0.3415931539130495 0.03419036969380752 0.04162305875767871
0 0.3574536024355865 0.36735980933446966 0.022298067191613525 0.028145115921858876
0 0.36176456209263175 0.40918107313385166 0.0321092167559236 0.03805536800702043
0 0.398333392286878 0.4125505588428065 0.031514601630813814 0.04400151925811748
0 0.4149826157899495 0.3681526295012826 0.02378460500438777 0.03290203692273643
0 0.41082030991418167 0.3195923942839907 0.021406144503948996 0.02854152600526529
0 0.4395104897007244 0.5059051334850286 0.026460373067381512 0.03012716633889113
0 0.42345588132276263 0.49064334527387987 0.018135761315845756 0.024973835254607196
