0 0.39351632339535597 0.4479573021999825 0.03813266797328474 0.03741318367190203
0 0.4210365979232453 0.4966424065935473 0.029139114206000585 0.035014902667292847
0 0.4298502806151838 0.5381326679732849 0.022304013342864693 0.034535246466371204
0 0.44657829062233245 0.5813017260562486 0.023383239794938716 0.0431690580829639
0 0.41384175490941805 0.5841796632617796 0.027700145603235173 0.05084355729771296
0 0.3847026407034175 0.5110320926212019 0.02913911420600066 0.0522825259004785
0 0.34441151982598456 0.500719484301383 0.02554169269908698 0.03741318367190203
0 0.31185485518841594 0.4829722048672755 0.03597421506913665 0.035494558868214836
0 0.3075379493801195 0.4354862409760152 0.029498856356691975 0.0354945588682147
0 0.2758806401192794 0.40238996311240954 0.02805988775392656 0.044128370484807604
0 0.2739020582904768 0.5153489984294982 0.048565190343334314 0.06859083673182025
0 0.2913495525990081 0.527340403452544 0.0316573092608402 0.044608026685729246
0 0.3167113742227493 0.5580384003115405 0.05000415894609983 0.034055590265449215
0 0.23612913246788342 0.46930200314100357 0.03489498861706245 0.04652665148941665
0 0.18864316857662317 0.5091134678175147 0.021944271192173268 0.027340403452543852
0 0.23343106633769822 0.513430373625811 0.023023497644247434 0.03213696546176209
0 0.2026731124535865 0.5335759340645274 0.02554169269908698 0.029259028256231046
0 0.2158037009538213 0.5570790879096967 0.025901434849778332 0.034055590265449215
0 0.25357662677641474 0.5709891177364296 0.022304013342864658 0.02925902825623119
0 0.2733624450644398 0.5685908367318203 0.017267623233185533 0.024462466247012885
0 0.25969224333816787 0.5952117558829815 0.019426076137333794 0.0230234976442474
0 0.2355895192418464 0.6124793791161669 0.03021834065807468 0.042209745681120195
0 0.21112705299483348 0.6000083178921997 0.024462466247012885 0.03261662166268387
0 0.17839051728191926 0.6129590353170888 0.030937824959457457 0.044128370484807534
0 0.201234143850821 0.6486934222857644 0.02913911420600062 0.03693352747098004
0 0.25915263011213086 0.6405392668700935 0.02266375549355601 0.027340403452543852
0 0.28451445173587214 0.638860470166867 0.02590143484977834 0.035494558868214836
0 0.26706695742734093 0.6688389827244811 0.01834684968525963 0.02638109105070029
0 0.28397483850983507 0.6964192142774854 0.03057808280876607 0.03741318367190203
0 0.3244458304626137 0.6832286687521355 0.029498856356692044 0.03309627786360579
0 0.3311010602504039 0.6263894089428997 0.026261177000469687 0.03837249607374567
0 0.34980765208635506 0.6064836766046441 0.030578082808765995 0.034055590265449354
0 0.335058223908009 0.5860982880654668 0.03705344152121068 0.0335759340645275
0 0.3809253481211581 0.6055243642028005 0.02805988775392649 0.04652665148941665
0 0.3949552919981214 0.6542094685963653 0.022304013342864693 0.02973868445715297
0 0.36761488854557756 0.6563679215005136 0.02446246624701281 0.03309627786360551
0 0.37966625059373826 0.6873057464599711 0.03057808280876607 0.029738684457152685
0 0.3105957576609961 0.7391086161595279 0.03129756711014878 0.04700630769033822
0 0.3368569346614658 0.7263977268350996 0.020505302589407817 0.026381091050700148
0 0.3881201911349853 0.7247189301318733 0.046046995288495166 0.041250433279276535
0 0.3874007068336027 0.7688473006166808 0.045327510987112095 0.047006307690338506
0 0.27066437893425443 0.7801192213383434 0.03849241012397609 0.03981146467651115
0 0.24278436225567368 0.7395882723604496 0.03021834065807468 0.03645387127005833
0 0.25033894742019236 0.7086504474009923 0.020865044740099207 0.024462466247012885
0 0.21850176708400654 0.6602051711078885 0.018346849685259663 0.026381091050700148
0 0.4575005482606167 0.626125014434693 0.029303291450879173 0.04626835492244077
