0 0.256928650175234 0.5860274188617808 0.030021813521152012 0.03932682005109975
0 0.3298763900468052 0.6544982216293205 0.045296069523141684 0.05688343614534069
0 0.3472574399801037 0.626407635878535 0.0305485120039792 0.04002908469486947
0 0.3032781166640301 0.7271826122594781 0.03423540138376989 0.04494493720125689
0 0.44706680247586356 0.6193849894408386 0.024754828692879725 0.04002908469486933
0 0.47392842510005223 0.6471244428697392 0.023701431727225285 0.035113232188481905
0 0.46207770923643965 0.7317473324439808 0.028441718072670385 0.07092872902073367
0 0.43205589571528746 0.7707230201731957 0.023174733244397956 0.04213587862617814
0 0.4012440344698946 0.7865239746580126 0.03634219531507881 0.03441096754471232
0 0.5071104295181678 0.7517618747914157 0.02791501958984306 0.029495115038324683
0 0.5310752104868066 0.7735320787482745 0.03476209986659697 0.03792229076356051
0 0.5376589415221469 0.7180531718904729 0.03318200441811548 0.03230417361340344
0 0.5726843906301575 0.7222667597530906 0.0305485120039792 0.03792229076356037
0 0.6153469677391632 0.6569561478825143 0.03054851200397934 0.07303552295204248
0 0.6432619873290062 0.643964251972776 0.026334924141361425 0.048456260420105084
0 0.5579368331109953 0.6773218225518337 0.03476209986659704 0.036517761476021066
0 0.5468761649716235 0.6523914276980116 0.020014542347434626 0.025983791819476493
0 0.5263349241413615 0.6710014407579072 0.0231747332443981 0.03792229076356037
0 0.5834817095281157 0.5888364774368593 0.024754828692879725 0.04213587862617814
0 0.5455594187645554 0.5670662734800009 0.024754828692879795 0.03230417361340313
0 0.625090889671467 0.5642572149049221 0.04792956193727783 0.03792229076356044
0 0.60928993518665 0.5294951150383249 0.024754828692879725 0.035815496832251485
0 0.5281783688312571 0.5031601908969636 0.024754828692879857 0.05337211292649245
0 0.5450327202817283 0.4659401647771726 0.03212860745246083 0.04354040791371766
0 0.578478073941257 0.48490131015895294 0.022121336278743655 0.03230417361340329
0 0.6232474449815716 0.4701537526397905 0.02844171807267031 0.03792229076356051
0 0.6580095448481685 0.5094805726908901 0.029495115038324825 0.04494493720125682
0 0.6337814146381162 0.4220486245415702 0.01896114538178033 0.024579262531937332
0 0.5260715748999477 0.40975899327560156 0.027915019589843198 0.04494493720125682
0 0.5639938656635083 0.40975899327560156 0.0416091801433511 0.04073134933863912
0 0.5850618049765974 0.36165386517738135 0.04266257710900561 0.04564720184502647
0 0.5279150195898431 0.32162478048251186 0.024228130210052542 0.030197379682094478
0 0.4981565553101048 0.2819468281095274 0.03739559228073311 0.037922290763560476
0 0.45312383502837666 0.3100374138603129 0.024228130210052542 0.035113232188481905
0 0.42520881543853356 0.3504176308770671 0.023174733244398168 0.025983791819476635
0 0.399663939021413 0.3437461167612556 0.02580822565853424 0.029495115038324825
0 0.41809838592036597 0.2910762684785327 0.021594637795916326 0.028090585750785557
0 0.4423265161304185 0.2710617261310981 0.0352887983494243 0.03300643825717298
0 0.3783326504669102 0.2721151230967525 0.032655305935288155 0.039326820051099706
0 0.3722756179143971 0.37324123179958035 0.03528879834942423 0.03230417361340329
0 0.32434605597711924 0.38763765699685804 0.026861622624188685 0.048456260420105084
0 0.35989820356795726 0.4497880779704709 0.023174733244398026 0.03089964432586399
0 0.2351708725823576 0.43995637295769596 0.019487843864607442 0.02387699788816768
0 0.4627046171637204 0.5431892755918328 0.026861622624188685 0.029495115038324825
0 0.44137332860921774 0.5294951150383248 0.025281527175706985 0.05969249472041916
0 0.4353162960567043 0.5435404079137176 0.018434446898953 0.02738832110701594
