0 0.5551268967051118 0.3818861095643845 0.02740412206150076 0.03653882941533418
0 0.4929896431935695 0.4052539655858192 0.029316037554163545 0.05608285445144332
0 0.4544326807582021 0.4311710422641375 0.035051784032152054 0.05693259467040452
0 0.4228860751292654 0.47323318310272017 0.02294298591195414 0.03908805007221808
0 0.4939456009399009 0.4583627292708981 0.03505178403215204 0.03653882941533425
0 0.5414248356743615 0.48512954616817794 0.02294298591195414 0.03738856963429555
0 0.5793444929455077 0.4630363004751851 0.04524866665968723 0.04078753051014054
0 0.6338340844863989 0.4604870798183013 0.034414478867931066 0.04758545226183074
0 0.6220439389483112 0.5008497402189611 0.021031070419291212 0.029740907663644265
0 0.6433936619497129 0.5237927261309153 0.020393765255070306 0.04333675116702437
0 0.6736656572502079 0.5106217527370158 0.023580291076174972 0.03738856963429555
0 0.6918288544305049 0.5594818153272884 0.021668375583512044 0.029740907663644265
0 0.5873108074982691 0.5038238309853257 0.0216683755835121 0.04248701094806287
0 0.5758393145422925 0.5331398685394891 0.019119154926628426 0.02634194678779906
0 0.5019119154926628 0.49957512989051933 0.04078753051014061 0.035689089196373015
0 0.5226243333298435 0.5373885696342955 0.01848184976240752 0.02294298591195414
0 0.547797887316571 0.555233114232482 0.030590647882605567 0.046735712042869436
0 0.6112097511565551 0.5526838935755982 0.03250256337526835 0.03823830985325664
0 0.6169454976345434 0.588797852881452 0.022305680747733092 0.02719168700676043
0 0.6421190516212709 0.6130154491218479 0.029316037554163756 0.046735712042869436
0 0.662194164294231 0.6410568763475695 0.02230568074773316 0.03144038810156666
0 0.44582906104121944 0.5492849326997532 0.02676681689727971 0.06542999686001721
0 0.47673836150593546 0.5480103223713113 0.03250256337526835 0.03568908919637309
0 0.42001820189027117 0.5450362316049469 0.026129511733058806 0.029740907663644123
0 0.4024923098741951 0.5786009702539167 0.02804142722572166 0.04078753051014054
0 0.43754409390634713 0.609191618136522 0.022942985911954074 0.03229012832052795
0 0.438818704234789 0.6533781095225077 0.025492206568837973 0.044186491385985606
0 0.41364515024806164 0.6737718747775782 0.022305680747733092 0.033989608758450626
0 0.4617616901467432 0.6576268106173141 0.019119154926628426 0.022093245692992695
0 0.47418914084905167 0.6389325258001664 0.02103107041929128 0.02719168700676029
0 0.4716399201921678 0.6053677871511965 0.02230568074773316 0.02804142722572166
0 0.4958575164325637 0.6015439561658709 0.02103107041929114 0.03738856963429555
0 0.5143393661949712 0.566704607188459 0.02995334271838452 0.03738856963429548
0 0.5140207136128607 0.624486942077825 0.02676681689727978 0.03908805007221787
0 0.48033161450067796 0.721345099403707 0.033815762164988356 0.030218340658074824
0 0.5065927915011477 0.6853708843345702 0.028059887753926788 0.03501490266729291
0 0.500117432788703 0.6565915122792609 0.020145560438716573 0.024462466247012885
0 0.5350124214057655 0.6587499651834092 0.01798710753456838 0.024942122447934593
0 0.5436462330223584 0.6908869306451711 0.0230234976442474 0.02973868445715297
0 0.5535391421663709 0.7402915193401186 0.026980661301852463 0.03741318367190189
0 0.5799801902421864 0.712951115887575 0.02805988775392656 0.040291120877433
0 0.614695307783903 0.710552834882966 0.02985859850738322 0.030697996858996674
0 0.5828581274477171 0.6762574165170556 0.03669369937051926 0.03213696546176209
0 0.5891536150848161 0.6422018262516065 0.036333957219827864 0.02734040345254371
0 0.5839373538997914 0.603109845876478 0.02877937205530927 0.035494558868214766
0 0.5476033966799634 0.5995124243695643 0.023742981945630036 0.029259028256231046
