0 0.4199070075700743 0.6131748806075037 0.027858432149539356 0.04236803222742438
0 0.4542947597546619 0.633198128714985 0.027858432149539283 0.033662272180693405
0 0.4908589519509322 0.661346752866082 0.03482304018692418 0.05513648029596332
0 0.5330818881775781 0.6468371527881971 0.016540944088789047 0.026117280140193273
0 0.4355773756541902 0.5522345602803863 0.02524670413552009 0.024956512133962362
0 0.4536418277511571 0.5473012962539053 0.016976232091125424 0.022054592118385372
0 0.5010882200058411 0.5458503362461168 0.0248114161331835 0.04585033624611676
0 0.5137115720736013 0.5023215360124617 0.025681992137856536 0.033081888177578025
0 0.5476640362558526 0.4837492479127687 0.03264660017524129 0.040046496214962916
0 0.4636534518048979 0.470690607842672 0.028293720151875878 0.030179968162000886
0 0.3913956434170301 0.5246663201324046 0.02568199213785668 0.0313407361682318
0 0.4164247035513819 0.45763196777257553 0.020893824112154534 0.02959958415888565
0 0.39596616744156393 0.4309343036292669 0.022634976121500755 0.02727804814642397
0 0.43710088366236804 0.4242598875934398 0.040481784217299366 0.044109184236770675
0 0.44602428771026736 0.3728959033177266 0.03830534420561662 0.0365641921962704
0 0.5324289561740732 0.3853741593847077 0.030034872161222238 0.03830534420561655
0 0.5561521523014151 0.4149737435435934 0.03047016016355876 0.029019200155770194
0 0.5796577044275891 0.4793963678894032 0.02350555212617387 0.0313407361682318
0 0.49281774796144684 0.3247240310591481 0.035258328189260765 0.040046496214962805
0 0.4976059159871489 0.26813659075539625 0.029164296156549058 0.038305344205616654
0 0.55680508430492 0.26059159871489607 0.022199688119164163 0.04759148825546305
0 0.585098804456796 0.30121847893297427 0.03961120821262632 0.032501504174462605
0 0.5944574965070318 0.3406845911448217 0.02002324810748135 0.025536896137077676
0 0.6301511126986291 0.3357513271183407 0.01915267210280824 0.022634976121500686
0 0.6027279685514263 0.401624911471939 0.026987856144866314 0.03482304018692418
0 0.6351569247254996 0.3833428153738038 0.0204585361098178 0.02727804814642397
0 0.615786608621523 0.49100404795171115 0.023505552126173935 0.037144576199385854
0 0.6834738929848568 0.42513046359811285 0.020458536109817942 0.024956512133962362
0 0.6671505928972361 0.46807887982865276 0.0261172801401932 0.0365641921962704
0 0.6997971930724777 0.46952983983644114 0.015670368084115864 0.0220545921183853
0 0.6573566128446637 0.5275682401479816 0.020458536109817942 0.02321536012461614
0 0.7243909652044929 0.5295995841588855 0.023940840128510388 0.05977955232088661
0 0.7524670413552005 0.5031921120171347 0.01567036808411558 0.019733056105923623
0 0.6164395406250278 0.5528149442835018 0.01871738410047179 0.023795744127731597
0 0.5602873883236126 0.5867674084657528 0.03177602417056839 0.03830534420561662
0 0.6382039407418554 0.5948927845093684 0.035258328189260835 0.037144576199385854
0 0.6712858289194336 0.6224610246573502 0.020458536109817942 0.02959958415888558
0 0.7030618530900017 0.6062102725701188 0.02655256814252965 0.040046496214962916
0 0.47235921185162894 0.7092284331231028 0.04483466424066492 0.04410918423677046
0 0.5692107923715117 0.6781778889564287 0.02263497612150083 0.028438816152654738
0 0.5983750885280609 0.6517704168146782 0.01305864007009646 0.020893824112154534
0 0.6373333647371824 0.6477077287928702 0.021329112114491126 0.03598380819315487
0 0.6414686007593796 0.6889149930140637 0.02089382411215446 0.02669766414330837
0 0.5953280725117048 0.7115499691355645 0.031340736168231874 0.03482304018692418
0 0.5446170202394964 0.7266399532165652 0.02655256814252991 0.032501504174462514
0 0.5931516325000223 0.7510160813474119 0.019152672102808382 0.0220545921183853
