0 0.2919540992832447 0.3957137004002088 0.02422813021005247 0.035113232188481905
0 0.3361967718407319 0.41959069828837703 0.02949511503832431 0.07303552295204233
0 0.36332174370633424 0.4227508891853398 0.030021813521152085 0.03862455540733002
0 0.4015073837113083 0.41116352256314087 0.02422813021005247 0.035113232188481905
0 0.4109879564021985 0.3458529106925646 0.03054851200397934 0.042135878626178284
0 0.4557573274425129 0.3630583944649207 0.0400290846948694 0.049860789707644314
0 0.4452233577859683 0.41291918417256496 0.035815496832251555 0.03862455540733009
0 0.5142208590363353 0.3816684075248162 0.03160190896963364 0.04073134933863905
0 0.4847257439980103 0.44136090224523544 0.03160190896963378 0.04073134933863912
0 0.4404830714405232 0.46207770923643976 0.04108248166052384 0.041433613982408704
0 0.39308020798607257 0.45400166583308876 0.025281527175707055 0.03230417361340344
0 0.3095984984579569 0.45400166583308876 0.019487843864607404 0.029495115038324755
0 0.2648291274176425 0.5003511323218849 0.028968416555497534 0.04915852506387473
0 0.327242897632669 0.4968398091030366 0.035815496832251555 0.04634946648879613
0 0.2808934311438729 0.5386245554073302 0.032655305935288224 0.056883436145340555
0 0.29090070231759024 0.5863785511836656 0.04740286345445053 0.03862455540733016
0 0.3280329453569098 0.5512653189951836 0.03950238621204214 0.05828796543288007
0 0.36858872853460656 0.5112362343003143 0.043715974074659984 0.0877830804712049
0 0.389393318606282 0.5319530412915187 0.038975687729214885 0.043540407913717515
0 0.41256805185068 0.5080760434033509 0.026334924141361425 0.026686056463246146
0 0.3298763900468052 0.624300841947226 0.030548512003979268 0.05266984828272278
0 0.26851601679743303 0.6418574580414671 0.03634219531507871 0.04424267255748731
0 0.374382411845706 0.6513380307323571 0.03212860745246104 0.05758570078911042
0 0.3253994529427737 0.6822376750582211 0.03950238621204221 0.04073134933863898
0 0.39176346177900456 0.5888364774368593 0.04160918014335103 0.057585700789110274
0 0.4252088154385337 0.5561811715015712 0.04108248166052391 0.04424267255748731
0 0.4360061343364919 0.6039351672779065 0.0352887983494243 0.055478906857801394
0 0.46997818647884815 0.6060419612092154 0.035815496832251555 0.06390608258303722
0 0.48604249020507856 0.5386245554073301 0.04582276800596895 0.08637855118366546
0 0.5426625771090056 0.5217702039568589 0.03054851200397934 0.04002908469486933
0 0.5529331975241365 0.5730355229520425 0.02896841655549764 0.05407437757026209
0 0.5439793233160737 0.4638333708458637 0.02580822565853417 0.04073134933863898
0 0.5558300391796864 0.4325825941981147 0.032655305935288224 0.04143361398240863
0 0.5847984557351839 0.5625015532954979 0.035815496832251624 0.03441096754471232
0 0.6124501260836134 0.52914398271644 0.02896841655549757 0.035113232188481905
0 0.5360788460736653 0.6134157399687967 0.020541240830261813 0.028090585750785522
0 0.5107973188979583 0.6467733105478544 0.05846353159382247 0.0400290846948694
0 0.5126407635878537 0.6997942911524621 0.04213587862617821 0.04775399577633536
0 0.4826189500667016 0.6776729548737186 0.022121336278743586 0.028792850394555244
0 0.4623410584778533 0.6576584125262838 0.019487843864607442 0.029495115038324825
0 0.44021972219910965 0.6857489982770695 0.031075210486806525 0.04634946648879605
0 0.40888116247088946 0.7057635406245041 0.024228130210052542 0.03300643825717287
0 0.38017609515680545 0.7219156274312059 0.031075210486806455 0.04986078970764438
0 0.4381129282678006 0.748601683894452 0.05319654676555011 0.058287965432879923
0 0.3332999301851821 0.7205110981436664 0.037395592280733185 0.0400290846948694
0 0.31117859390643854 0.7577311242634573 0.03212860745246097 0.037220026119790785
