0 0.432312715636666 0.5345328481853664 0.04657581625001114 0.03830534420561662
0 0.4912942399532689 0.5693558883722907 0.04352880023365522 0.060359936324002064
0 0.585098804456796 0.6207198726480039 0.022199688119164163 0.02843881615265488
0 0.46430638380840267 0.6494488808022163 0.05832859231309804 0.04875225626169381
0 0.38247223936913083 0.6053396965654456 0.0365641921962704 0.02553689613707789
0 0.39727203144857354 0.5661637763551559 0.022634976121500828 0.048171872258578434
0 0.3641901432709956 0.5237957441277314 0.03308188817757795 0.05745801630842507
0 0.3121732269917776 0.5763204964096754 0.057893304310761486 0.046430720249232206
0 0.3134790909987872 0.5243761281308469 0.025681992137856574 0.048171872258578434
0 0.2932381988901376 0.48229828790498 0.04004649621496284 0.02553689613707775
0 0.2988969429205127 0.45356927975076766 0.029599584158885577 0.0481718722585785
0 0.37354883532123145 0.45356927975076755 0.024811416133183432 0.05861878431465577
0 0.4079365875058191 0.46140446379282557 0.035258328189260696 0.05339532828661717
0 0.4821531919042014 0.46575734381619094 0.04352880023365515 0.07603030440811785
0 0.44580664370909917 0.4500869757320753 0.04135236022197255 0.08647721646419512
0 0.463000519801393 0.4480556317211714 0.029599584158885507 0.02321536012461621
0 0.45581826776284 0.41207182352801636 0.025681992137856612 0.029019200155770194
0 0.490641307949764 0.39872299145636203 0.020458536109817942 0.03134073616823173
0 0.5130586400700966 0.40684836749997777 0.023505552126173935 0.037144576199385784
0 0.5550639322955728 0.4059777914953046 0.038740632207954546 0.05977955232088627
0 0.5615932523306222 0.4463144797118251 0.05266984828272285 0.06616377635515597
0 0.5944574965070317 0.4001739514641507 0.0287290081542124 0.04352880023365522
0 0.6123043046028305 0.3549039992211491 0.0348230401869241 0.0481718722585785
0 0.6220982846554028 0.376378207336419 0.01871738410047165 0.0354034241900397
0 0.552016916279218 0.3322690230996484 0.04222293622664552 0.03656419219627033
0 0.5798753484287573 0.30615174295945524 0.029164296156549058 0.03076035216511638
0 0.6678035249007411 0.4100404795171124 0.038740632207953214 0.051654176277270876
0 0.49738827198598057 0.3177594230217633 0.030470160163558687 0.027278048146424004
0 0.4486360157242868 0.3595470712460724 0.0443993762383284 0.037724960202501163
0 0.4549476917581668 0.3525824632086875 0.03438775218458758 0.051654176277270876
0 0.4801943958936869 0.26117198271801145 0.04570524024533796 0.061520704330232726
0 0.4989117799941586 0.23070182255445282 0.03961120821262625 0.06442262434580982
0 0.35526673922309626 0.2176431824843562 0.028293720151875944 0.06035993632400196
0 0.34155516714949485 0.2681365907553963 0.07138723238319457 0.04062688021807816
0 0.36484307527450033 0.29106175887845465 0.040481784217299616 0.03888572820873204
0 0.42012465157124235 0.33226902309964834 0.037870056203280204 0.047011104252347814
0 0.39857789545558325 0.34387670316195645 0.01828209609813527 0.0365641921962704
0 0.4177305675583915 0.40191510347349685 0.01915267210280831 0.04120726422119361
0 0.3977073194509103 0.39378972742988116 0.027858432149539425 0.04120726422119375
0 0.34895506318921626 0.4187462395638434 0.02698785614486624 0.07022646437696388
0 0.32436129105720113 0.4196168155685166 0.026552568142529723 0.05803840031154039
0 0.3265377310688839 0.3406845911448217 0.025681992137856647 0.025536896137077676
0 0.3472139111798701 0.3389434391354753 0.022634976121500686 0.0313407361682318
0 0.28801474286209894 0.3917583834189772 0.0522345602803863 0.06500300834892521
0 0.2529740586740064 0.420197199571632 0.04135236022197244 0.06384224034269437
0 0.4334009356425074 0.10998194990644893 0.020893824112154534 0.034242656183808826
