0 0.4884648679380813 0.5287290081542124 0.03177602417056846 0.06848531236761765
0 0.5230702641238374 0.4599535037850371 0.040046496214962916 0.06210108833334813
0 0.5515816282768814 0.530179968162001 0.023940840128510246 0.04585033624611676
0 0.4381891036682095 0.5922810564953491 0.03569361619159736 0.04701110425234781
0 0.4283951236156371 0.6282648646885041 0.023070264123837347 0.031921120171347045
0 0.5870576004673105 0.5960535525155992 0.045269952243001524 0.06964608037384835
0 0.605557340566614 0.4875217439330188 0.0378700562032801 0.049913024267924724
0 0.6366804327336775 0.508705760046731 0.02698785614486624 0.03656419219627047
0 0.5822694324416084 0.4471850557164983 0.022634976121500755 0.030760352165116345
0 0.5639873363434732 0.4077189435046508 0.022634976121500828 0.05397571228973248
0 0.48802957993574475 0.3874055033956117 0.04396408823599188 0.03772496020250124
0 0.4253481075992812 0.35983726324763005 0.03264660017524143 0.037144576199385854
0 0.52524670413552 0.3380728631308024 0.021764400116827644 0.028438816152654738
0 0.5487522562616939 0.3380728631308024 0.028729008154212466 0.03888572820873197
0 0.5472287482535159 0.36622148728189946 0.021329112114490983 0.029019200155770194
0 0.6416862447605479 0.34300612715728335 0.03612890419393395 0.04643072024923225
0 0.69696782105729 0.3406845911448218 0.042222936226645656 0.03598380819315501
0 0.6730269809287797 0.4027856794781699 0.030905448165895136 0.0510737922741555
0 0.6802092329673327 0.4585025437772486 0.02959958415888565 0.03946611221184739
0 0.7080676651168721 0.47214156785046063 0.049622832266367 0.060940320327117374
0 0.7320085052453825 0.4042366394859583 0.046140528247674555 0.053975712289732414
0 0.7833724895210956 0.5203134401090391 0.0391759202102898 0.05281494428350179
0 0.79795463759937 0.561230512328675 0.0195879601051449 0.02901920015577005
0 0.8380011338143329 0.5864772164641952 0.02481141613318357 0.04004649621496277
0 0.8018722296203993 0.5951829765109261 0.028293720151875878 0.045850336246116896
0 0.8340835417933041 0.6488684967991009 0.03438775218458758 0.04759148825546298
0 0.7657433254264653 0.6302962086994081 0.03961120821262625 0.03134073616823159
0 0.7278732692231853 0.5975045125233878 0.0430935122313187 0.04817187225857864
0 0.6371157207360139 0.5795126084268102 0.04701110425234766 0.05629724830219402
0 0.6292805366939561 0.6259433286760425 0.0313407361682318 0.0400464962149627
0 0.6821680289778471 0.6320373607087543 0.023940840128510388 0.03482304018692403
0 0.5689931483703435 0.76262376140972 0.0343877521845878 0.07428915239877171
0 0.5356936161915974 0.7321536012461614 0.024376128130846907 0.030760352165116557
0 0.6044691205607725 0.7379574412773152 0.02959958415888565 0.03308188817757795
0 0.6264511646787686 0.748114161331835 0.023070264123837277 0.03250150417446264
0 0.6545272408294761 0.7385378252804307 0.03134073616823173 0.04352880023365529
0 0.6895679250175687 0.7196753451791801 0.02655256814252965 0.02901920015577005
0 0.6704152529147603 0.7794548975000669 0.051799272278049674 0.06152070433023269
0 0.7108970371320598 0.8041212176324715 0.035258328189260765 0.05397571228973248
0 0.6823856729790155 0.8380736818147224 0.02959958415888565 0.037144576199385854
0 0.6632330008762074 0.9068483674999777 0.03743476820094358 0.0400464962149627
0 0.566163776355156 0.8876956953971694 0.046140528247674555 0.04352880023365529
0 0.7792372534988985 0.7768423508021273 0.03177602417056832 0.04701110425234759
0 0.8147132256893275 0.7573994866977614 0.03482304018692418 0.06500300834892514
0 0.46394640695733186 0.7505570167564721 0.02705927623714082 0.05847291876531571
0 0.42942250279270394 0.7605098539931217 0.03079159020088433 0.03856724429201663
