0 0.4678713925475391 0.47682526675560205 0.030548512003979268 0.042838143269948004
0 0.42415541847287913 0.4996488676781152 0.032655305935288155 0.043540407913717515
0 0.40361417764261714 0.45575732744251285 0.0305485120039792 0.03862455540733002
0 0.3796493966739783 0.49227508891853405 0.020541240830261886 0.03300643825717295
0 0.42046852909308846 0.5593413623985346 0.03686889379790593 0.04634946648879613
0 0.382546238329528 0.5695241997331942 0.02738832110701587 0.03300643825717287
0 0.39466030343455427 0.6095532844280637 0.029495115038324755 0.04002908469486933
0 0.5081638264838221 0.6039351672779065 0.030021813521152012 0.05828796543287986
0 0.5563567376625136 0.601126108702828 0.028441718072670243 0.042838143269947865
0 0.5671540565604717 0.6344836792818858 0.03950238621204214 0.049158525063874664
0 0.6027062041513096 0.6102555490718333 0.025281527175706985 0.03160190896963371
0 0.6027062041513098 0.5723332583082729 0.03476209986659718 0.03441096754471225
0 0.6490556706401057 0.5540743775702623 0.029495115038324825 0.03441096754471232
0 0.5969125208402101 0.5308996443258642 0.03792229076356058 0.05407437757026216
0 0.5705775966988488 0.5133430282316231 0.029495115038324825 0.04002908469486947
0 0.5766346292513619 0.45645959208628256 0.026861622624188543 0.030197379682094478
0 0.6164003647048176 0.47506960514617785 0.020014542347434557 0.029495115038324755
0 0.6324646684310481 0.47366507585863865 0.020541240830261886 0.028090585750785522
0 0.6759172932642944 0.476825266755602 0.03054851200397934 0.055478906857801394
0 0.45602067668392643 0.3339144117484805 0.04582276800596901 0.06039475936418892
0 0.5113240173807854 0.30968628153842803 0.031075210486806455 0.03581549683225159
0 0.5044769371040315 0.3644629237524598 0.024754828692879725 0.05407437757026216
0 0.5539865944897909 0.3504176308770671 0.024754828692879725 0.04845626042010501
0 0.5410824816605238 0.3995761559409418 0.02422813021005261 0.03300643825717295
0 0.6087632367038228 0.3774548196621981 0.030021813521152012 0.043540407913717515
0 0.6248275404300532 0.33180761781717166 0.035815496832251624 0.043540407913717626
0 0.6361515578108388 0.37534802573088927 0.023701431727225285 0.03089964432586413
0 0.6545860047097917 0.3953625680783239 0.03318200441811541 0.05126531899518362
0 0.7117327900965461 0.44557449010785305 0.028441718072670454 0.053372112926492576
0 0.7133128855450278 0.5010533969656545 0.04318927559183265 0.05337211292649251
0 0.7114694408551324 0.5519675836389533 0.026861622624188612 0.034410967544712394
0 0.6466855274673833 0.6274610328441894 0.0300218135211518 0.03230417361340322
0 0.7288504907884308 0.6316746207068072 0.020541240830261955 0.02949511503832461
0 0.7299038877540854 0.6646810589639803 0.022648034761570984 0.043540407913717445
0 0.6656466728491633 0.665032191285865 0.0258082256585341 0.03300643825717302
0 0.663276529676441 0.70400787901508 0.0337087029009426 0.035113232188481905
0 0.7009354711985878 0.7342052586971746 0.026861622624188754 0.03230417361340329
0 0.6477389244330378 0.7766922696452374 0.031075210486806455 0.05126531899518369
0 0.6287777790512575 0.6685435145047132 0.026861622624188612 0.05126531899518355
0 0.6027062041513097 0.6773218225518337 0.032655305935288086 0.0477539957763355
0 0.5758445815271208 0.709625996165237 0.02844171807267031 0.04073134933863898
0 0.5416091801433511 0.6868023952427239 0.018961145381780255 0.0273883211070158
0 0.5026334924141362 0.6868023952427239 0.03160190896963364 0.04143361398240856
0 0.4452233577859683 0.6734593670111008 0.03160190896963364 0.04705173113256578
0 0.4863058394464922 0.7342052586971746 0.029495115038324755 0.03230417361340329
0 0.4944696659303142 0.7830126514391642 0.02580822565853417 0.03160190896963371
