0 0.4207318783345022 0.476825266755602 0.01738104993329863 0.030197379682094478
0 0.45733742289099455 0.5031601908969635 0.03160190896963371 0.04073134933863905
0 0.4676080433061255 0.5663640088362308 0.02896841655549764 0.05618117150157118
0 0.4907827765505236 0.6007749763809431 0.026861622624188543 0.03651776147602128
0 0.5355521475908379 0.6499335014448178 0.031075210486806525 0.04073134933863898
0 0.5529331975241365 0.61657593086576 0.04160918014335103 0.059692494720419306
0 0.6153469677391631 0.6120112106812572 0.03792229076356051 0.04073134933863898
0 0.6056030458068594 0.573737787595812 0.023701431727225285 0.03160190896963378
0 0.6279877313270166 0.5596924947204194 0.025281527175706912 0.04424267255748724
0 0.5940156791846604 0.5298462473602096 0.021594637795916468 0.03089964432586406
0 0.60928993518665 0.48384791319329834 0.03844898924638777 0.04002908469486933
0 0.5750545338028801 0.5024579262531937 0.027915019589843198 0.036517761476021204
0 0.5129041128292671 0.5266860564632462 0.03212860745246083 0.05126531899518362
0 0.5455594187645554 0.47085601728356 0.027915019589843125 0.035113232188481905
0 0.590065440563456 0.4413609022452352 0.026334924141361498 0.03932682005109975
0 0.4923628719990052 0.49332848588418843 0.02896841655549757 0.03370870290094267
0 0.4370595313021465 0.4027363468379052 0.034235401383769785 0.05477664221403181
0 0.47866871144549733 0.41362144881633456 0.031075210486806525 0.03722002611979086
0 0.5052669848282723 0.37534802573088927 0.030548512003979268 0.04775399577633536
0 0.5389756877292151 0.3764014226965438 0.03160190896963371 0.041433613982408704
0 0.5668907073190581 0.40168294987225067 0.032655305935288224 0.035815496832251555
0 0.4860424902050785 0.3160066633323547 0.02580822565853424 0.03160190896963371
0 0.5063203817939268 0.2763287109593702 0.032655305935288294 0.042135878626178284
0 0.527388321107016 0.22471225964230182 0.028441718072670312 0.035815496832251555
0 0.5360788460736653 0.3089840168946585 0.02896841655549757 0.03160190896963378
0 0.5587268808352361 0.27527531399371574 0.030021813521151942 0.03160190896963371
0 0.6366782562936659 0.2499937868180088 0.02896841655549757 0.04705173113256578
0 0.6074464904967547 0.3012591058131924 0.03476209986659718 0.041433613982408704
0 0.5855885034594247 0.3430438521174859 0.03528879834942444 0.043540407913717584
0 0.60928993518665 0.37324123179958035 0.03212860745246104 0.043540407913717515
0 0.6566927986411006 0.34199045515183146 0.030021813521152012 0.042838143269947934
0 0.6917182477491113 0.3181134572636637 0.04424267255748731 0.05547890685780146
0 0.6977752803016244 0.37640142269654375 0.031075210486806525 0.04143361398240863
0 0.650899115330001 0.40519427309109884 0.0416091801433511 0.06250155329549784
0 0.6616964342279593 0.45049034261424054 0.023174733244398026 0.025281527175706985
0 0.6990920265086925 0.4290712709792666 0.028441718072670454 0.03160190896963371
0 0.7417546036176981 0.39887389129717205 0.03054851200397934 0.05266984828272285
0 0.7001454234743468 0.4856035748027224 0.04740286345445057 0.0519675836389532
0 0.753341970239897 0.4908705596309948 0.026334924141361425 0.028792850394555102
0 0.7143662825106821 0.5358154968322516 0.036868893797906 0.048456260420105084
0 0.7546587164469652 0.5589902300766496 0.026861622624188612 0.03441096754471232
0 0.688558056852148 0.5786536401021996 0.038975687729214885 0.04002908469486925
0 0.7201599658217818 0.6028817703122521 0.03370870290094274 0.04634946648879605
0 0.6925082954733521 0.6408040610758126 0.02580822565853424 0.029495115038324755
0 0.6561661001582735 0.6267587682004198 0.021594637795916326 0.0337087029009426
0 0.6406284949148702 0.6636276619983258 0.029495115038324755 0.03160190896963357
