0 0.2432780749534106 0.7715237822178246 0.018872073225269084 0.037451556167975755
0 0.22945318410234147 0.7759126364562593 0.016677646106051682 0.021651680909611032
0 0.2623695908906014 0.7533831846989614 0.017555416953738606 0.049155167470468226
0 0.28431386208277476 0.7478239693302774 0.02369981288754719 0.031014569951604898
0 0.28168054953971394 0.7261722884206663 0.022822042039860227 0.0239924031701095
0 0.2976998675100004 0.7039354269459307 0.029405323397512183 0.0380367367331003
0 0.3176691542948779 0.7606979417630191 0.024577583735234297 0.04154782012384822
0 0.3047220342914958 0.760697941763019 0.015360989834521277 0.022822042039860265
0 0.1912701522279599 0.6872577808398791 0.026333125430607965 0.05968841764271133
0 0.2316476112215588 0.7173945799437971 0.02545535458292104 0.036866375602851206
0 0.24744748647992357 0.7135909062704872 0.030721979669042623 0.04213300068897283
0 0.24481417393686275 0.6837466974491312 0.021944271192173303 0.028088667125981744
0 0.26785565868864475 0.6898910933829399 0.030283094245199146 0.03803673673310044
0 0.2913360288642702 0.6720430861466389 0.027210896278294962 0.026918305995732653
0 0.3134997427683652 0.6919392253608759 0.03467194848363377 0.051495889730966554
0 0.3367606702320689 0.7419721636790311 0.01974984407295594 0.02516276430035859
0 0.33807732650359923 0.7200278924868578 0.01887207322526912 0.025747944865483277
0 0.3538772017619641 0.6977910310121223 0.02764978170213837 0.03277011164697868
0 0.36375212379844213 0.6699949541687027 0.021066500344486414 0.0345256533423526
0 0.37560203024221545 0.6717504958640765 0.03159975051673013 0.05442179255658985
0 0.427171067543823 0.7191501216391711 0.017116531529895198 0.02399240317010964
0 0.3832825251594763 0.6597542942790219 0.02238315661601675 0.02925902825623112
0 0.44538481263332685 0.6585839331487726 0.015799875258364935 0.03159975051672945
0 0.4471403543287007 0.6781874820804475 0.033355292212103364 0.04271818125409723
0 0.32578853463598223 0.6416136967601586 0.019749844072955974 0.02340722260498481
0 0.4052267963516496 0.5953844321153134 0.03203863594057303 0.03979227842847429
0 0.4401181875472052 0.5892400361815049 0.020188729496799455 0.04505890351459598
0 0.4631596722989872 0.6026991891793714 0.017994302377582018 0.022822042039860265
0 0.429584937374962 0.5725623900754533 0.016677646106051613 0.02340722260498488
0 0.3209607949737041 0.5754882929010762 0.036427490179007656 0.032770111646978746
0 0.3249107637882954 0.5400848687110367 0.033794177635946915 0.04154782012384807
0 0.2682945441124882 0.5710994386626416 0.01974984407295601 0.026333125430608034
0 0.2531529969898887 0.5816326888348847 0.02369981288754719 0.026333125430607892
0 0.245472502072628 0.6026991891793713 0.028527552549825225 0.0345256533423526
0 0.22243101732084597 0.6585839331487726 0.02808866712598185 0.038621917298224916
0 0.20992278274130718 0.6258138215017938 0.02501646915907756 0.02691830599573258
0 0.19938953256906405 0.5942140709850642 0.023260927463703708 0.02925902825623119
0 0.20465615765518558 0.5418404104064106 0.03028309424519918 0.0286738476911065
0 0.2140921942678201 0.5070221667814956 0.024577583735234113 0.037451556167975755
0 0.24986135631106263 0.5427181812540975 0.02764978170213837 0.03042938938648042
0 0.27005008580786194 0.5313071602341674 0.024138698311390674 0.03569601447260191
0 0.32600797734790404 0.49970740971743793 0.02545535458292111 0.026333125430608034
0 0.32315522209292147 0.48068904135088764 0.025016469159077594 0.028088667125981886
0 0.27860835157280966 0.45201519365978116 0.026333125430607965 0.038621917298225054
