0 0.3149678145111216 0.5683286086867766 0.0185867976997708 0.023366259965426083
0 0.32240253359102994 0.5463784856889521 0.019648900425472002 0.03469535570623883
0 0.30301915884698327 0.5279687051101314 0.023366259965426187 0.03894376660904363
0 0.3197472767767769 0.48760880153348624 0.023897311328276737 0.0431921775118483
0 0.2862910409171895 0.493627383645793 0.033456235859587374 0.046732519930852305
0 0.2892118234128677 0.4688449867127653 0.025490465416828593 0.025490465416828485
0 0.2983581956457656 0.5000000000000001 0.0298442088213557 0.031599750516729516
0 0.2974804247980787 0.4262672487942979 0.03423306305979033 0.03628119503772659
0 0.24700860105608008 0.4078340609928723 0.022822042039860227 0.0345256533423526
0 0.24108364783419334 0.43416718642348023 0.035549719331320805 0.02867384769110643
0 0.26215014817867965 0.45201519365978116 0.020627614920642932 0.025747944865483346
0 0.257761293940245 0.4739594648519545 0.02589424000676452 0.02516276430035873
0 0.2430586322414889 0.45698922846334045 0.022822042039860192 0.026333125430608034
0 0.22835597054273285 0.4783483190903891 0.023260927463703743 0.026918305995732653
0 0.2614918200429145 0.5196035489316749 0.03686637560285117 0.04739962577509438
0 0.28387497665893124 0.5550069731217147 0.02369981288754719 0.04330336181922192
0 0.2588585074998537 0.5529588411437785 0.028088667125981886 0.04622926464484507
0 0.24591138749647143 0.5620291399032101 0.02150538576832986 0.03628119503772652
0 0.22945318410234147 0.5608587787729609 0.028088667125981813 0.055006973121714396
0 0.22725875698312412 0.5184331878014258 0.019310958649112527 0.027503486560857267
0 0.21101999630091584 0.5190183683665504 0.01843318780142557 0.026333125430608107
0 0.19785343358561192 0.5038036736733101 0.020188729496799417 0.029844208821355734
0 0.19478123561870764 0.5409626395587237 0.020188729496799455 0.04096263955872352
0 0.18600352714183835 0.5122887918676172 0.015799875258364758 0.02340722260498481
0 0.15813430272777818 0.5254553545829213 0.03379417763594688 0.031014569951604898
0 0.15418433391318703 0.4988296388697509 0.019749844072955974 0.02340722260498488
0 0.2050950430790291 0.46898543004839516 0.031160865092886104 0.05032552860071746
0 0.16669256849272582 0.449967061681845 0.031599750516729586 0.026333125430607892
0 0.12324291153222265 0.45640404789821587 0.028966437973668758 0.04505890351459584
0 0.10941802068115349 0.4286079710547963 0.01887207322526905 0.04213300068897276
0 0.13180117729717025 0.437678269814228 0.02764978170213837 0.0392070978633496
0 0.11731795831033587 0.3683343728469603 0.023260927463703725 0.03277011164697882
0 0.1506732505224393 0.3437567891117262 0.030283094245199146 0.05734769538221286
0 0.1713008654430822 0.3478530530675985 0.03554971933132075 0.04096263955872352
0 0.17283696442653432 0.3665788311515864 0.018433187801425603 0.032770111646978746
0 0.1559398756085609 0.38676756064838586 0.04344965696050316 0.0392070978633496
0 0.18402854273454275 0.39788599138575365 0.02501646915907756 0.06027359820783595
0 0.1890757251087426 0.42538947794661086 0.0298442088213557 0.05442179255658978
0 0.19763399087369016 0.42217098483842547 0.01887207322526905 0.02691830599573258
