0 0.32850962426381175 0.5509809308336572 0.015931540885517848 0.02832273935203162
0 0.3338201378923176 0.5283227393520318 0.03292518449673679 0.07505525928288392
0 0.31576439155539743 0.5084968218056096 0.023366259965426118 0.025490465416828628
0 0.3301027783523635 0.5350493899481394 0.04354621175374874 0.0431921775118483
0 0.3569208721763185 0.5502728623498564 0.019648900425472036 0.02973887631963315
0 0.3521414099106632 0.5060185821123069 0.015400489522667229 0.031863081771035695
0 0.3741800414689628 0.5308009790453346 0.030800979045334388 0.041776040544246766
0 0.4105570598242285 0.4922112466781914 0.024959414053977936 0.03965183509284437
0 0.4025912893814696 0.527614670868231 0.04089095493949579 0.08213594412089187
0 0.38612869713310116 0.5863843550236968 0.036642544036690906 0.06939071141247766
0 0.43843725637388475 0.5616019580906692 0.023366259965426153 0.07930367018568873
0 0.40365339210717077 0.6302846010193458 0.019648900425471964 0.032571150254836354
0 0.3569208721763185 0.6182474367947325 0.029207824956782744 0.045316382963250704
0 0.31470228882969625 0.5938190741036051 0.022304157239724915 0.0431921775118483
0 0.32638541881240934 0.6915325248681146 0.0488567253822546 0.027614670868230887
0 0.36860400215903155 0.679495360643501 0.03133203040818508 0.029030807835832492
0 0.3311648810780647 0.6508185870495689 0.026552568142529757 0.05381320476886017
0 0.328775149945237 0.6529427925009711 0.058946701276415894 0.02832273935203162
0 0.2788563218372812 0.6603775115808795 0.020711003151173166 0.053105136285059376
0 0.2642524093588898 0.7166689560430425 0.042484109028047466 0.02832273935203162
0 0.20105729717966916 0.7120665108983374 0.048856725382254634 0.05452127325266105
0 0.21698883806518698 0.6702904703540905 0.022304157239724915 0.06443423202587205
0 0.25602111323470567 0.6324088064707483 0.0249594140539779 0.03681956115764116
0 0.25549006187185497 0.6352410804059513 0.02602151677967909 0.02832273935203167
0 0.2727492311644994 0.6093965807472225 0.01805574633692025 0.026198533900629217
0 0.22973407077360125 0.6023158959092146 0.04354621175374874 0.05452127325266098
0 0.2727492311644994 0.5665584374772746 0.03611149267384036 0.03965183509284444
0 0.16707000995723115 0.6426757994858597 0.020179951788322582 0.061601958090668915
0 0.14396927567323028 0.5920489028941032 0.017524694974069614 0.0368195611576413
0 0.17450472903713943 0.5361114926738405 0.021242054514023785 0.053813204768860104
0 0.20079177149824382 0.5152234724017172 0.02708361950538027 0.03611149267384036
0 0.2246890828265206 0.5354034241900397 0.030269927682483874 0.0325711502548365
0 0.2756700136601776 0.5269066023844303 0.0185867976997708 0.038235698125242766
0 0.2870876179614654 0.5067266505961077 0.022304157239724988 0.026198533900629286
0 0.2584108443675333 0.42175843254001266 0.02973887631963322 0.11258288892432596
0 0.3768352982832158 0.37183960443205677 0.07116088262197956 0.056645478704063376
0 0.37869397805319294 0.41503178194390516 0.02708361950538041 0.0736391223152824
0 0.3765697726017905 0.4592860621814546 0.04089095493949579 0.03611149267384036
0 0.343910113786479 0.40264058347739123 0.02973887631963315 0.04319217751184837
0 0.3231991106353058 0.4295471858618214 0.019117849062621418 0.05876968415546578
0 0.3083296724754892 0.4224665010238134 0.016993643611219085 0.05452127325266098
0 0.28204263001438495 0.4437085555378371 0.03982885221379426 0.05593741022026265
0 0.20026072013539328 0.40405672044499286 0.03770464676239221 0.09700538228070854
0 0.19149837264835845 0.45539168552055026 0.02124205451402375 0.03115501328723482
0 0.3059399413426615 0.3328958378230132 0.0557603930993124 0.03398728722243799
