0 0.4905838449489988 0.5282731745581658 0.031486035303411694 0.042838143269947934
0 0.542310902947461 0.4987148557019017 0.023132597365771872 0.06768426636651775
0 0.5773310850706435 0.504283814326995 0.02763060240911649 0.02741641169276676
0 0.6174918443862196 0.4815795983939225 0.03598404034675631 0.03341375175055937
0 0.6309858595162532 0.43360087793158086 0.023132597365771872 0.04712195759694268
0 0.6480140214660577 0.5077108657885908 0.025060313812919687 0.046265194731543814
0 0.6162067000881212 0.5282731745581658 0.023132597365771872 0.027416411692766686
0 0.5770097989961188 0.5291299374235647 0.037269184644854576 0.02741641169276676
0 0.5831142344120864 0.56597074063572 0.031486035303411625 0.032556988885160294
0 0.5320297485626735 0.55783149341443 0.0449800504334452 0.03684080321215525
0 0.49186898924709754 0.5625436891741242 0.025060313812919545 0.029129937423564626
0 0.4578126653474887 0.5681126477992174 0.03534146819770698 0.04369490613534701
0 0.4456037945155535 0.5531192976547357 0.030200891005313295 0.039411091808352124
0 0.4314672072364708 0.5389827103756528 0.03791175679390385 0.029986700288963563
0 0.4279330604167 0.5128514429809845 0.04112461753915 0.03255698888516043
0 0.37170799737489346 0.5672558849338185 0.026345458111017947 0.0317002260197615
0 0.3476115417855476 0.608808883905668 0.03341375175055944 0.03941109180835227
0 0.362069415139155 0.625944141213647 0.03148603530341177 0.06682750350111888
0 0.3967683111878129 0.6148062239634607 0.034056323899608644 0.05825987484712911
0 0.42054348070263414 0.6220887083193517 0.034056323899608644 0.05397606052013423
0 0.46327452861440704 0.6010980181170773 0.021847453067673397 0.03598404034675639
0 0.4819091209368343 0.6246589969155487 0.0231325973657718 0.041981380404549073
0 0.5063268626007047 0.6246589969155485 0.037269184644854646 0.03684080321215525
0 0.5333148928607718 0.6083805024729685 0.03212860745246104 0.03684080321215518
0 0.545523763692707 0.6396523470600305 0.023132597365771872 0.023989360231170948
0 0.5381341839786411 0.6632133258585019 0.02763060240911628 0.04369490613534708
0 0.49347541961972025 0.6734944802432892 0.023132597365771872 0.03170022601976157
0 0.35082440253079383 0.6756363874067871 0.030843463154362684 0.03084346315436288
0 0.4363825907606131 0.6413658727908284 0.018885172940467355 0.027178661586281124
0 0.451970352552745 0.643963833089517 0.021283290139256863 0.04116767857922
0 0.45406870510168573 0.6725413963750921 0.01948470224016482 0.02557991678708831
0 0.4236425931420439 0.6715421808755966 0.019184937590316052 0.041167678579220136
0 0.41195177179794484 0.7163070352530007 0.023381642688197743 0.04436516817760605
0 0.4561670576506266 0.6955233528634914 0.021283290139256863 0.032374582183658164
0 0.46785787899472564 0.710511585355926 0.023681407338046582 0.032774268383456616
0 0.4867430519351929 0.7422866382398872 0.03027622963471778 0.04996077497478155
0 0.4563169399755509 0.7616714189301024 0.027578347786079503 0.025579916787088167
0 0.45107105860319874 0.7834543168191069 0.01768611434107271 0.026778975386482815
0 0.4360828261107645 0.7828547875194097 0.022482348738651653 0.03677113038143915
0 0.4377315316849321 0.7614715758302032 0.0155877617921319 0.026778975386482815
0 0.43518353216121825 0.7440852261389793 0.01948470224016482 0.02238242718870211
0 0.42319294616727077 0.7570750276324225 0.01648705574167792 0.0235814857880969
0 0.38722118818542794 0.7478822450370626 0.020084231539862215 0.026778975386482953
0 0.40625624345081973 0.7854527478180983 0.02278211338850042 0.05235889217357112
0 0.37612989614102643 0.8134307818039759 0.05125975512412594 0.0395689337800269
0 0.5481948051541741 0.769265456726269 0.021283290139256863 0.033573640783053096
