0 0.40303236923243235 0.46196326326689985 0.03642749017900776 0.04681444520996969
0 0.34202729531819054 0.4596225410064014 0.02501646915907756 0.03394047277722798
0 0.33654122752014715 0.49736668745693935 0.015799875258364793 0.02165168090961096
0 0.3525605454904337 0.5248701740177967 0.03467194848363391 0.032184931081854204
0 0.4186128017788754 0.5087777084768695 0.021944271192173233 0.02925902825623112
0 0.450212552295605 0.5231146323224227 0.01755541695373857 0.022822042039860192
0 0.4732540370473869 0.5239924031701098 0.035549719331320874 0.03277011164697882
0 0.48817614145806476 0.563784681598584 0.01974984407295594 0.02691830599573258
0 0.4405570729710487 0.5710994386626417 0.023699812887547154 0.035696014472601977
0 0.4102739787258495 0.5462292646448453 0.023699812887547154 0.026918305995732653
0 0.4186128017788754 0.5766586540313255 0.023699812887547297 0.03277011164697889
0 0.42036834347424923 0.6012362377665598 0.018433187801425534 0.021066500344486344
0 0.4287071665272751 0.6132324393516144 0.014922104410677761 0.021651680909611032
0 0.44077651568297044 0.6164509324598 0.015360989834521277 0.01989613921423718
0 0.45306530755058744 0.6021140086142467 0.02238315661601682 0.02516276430035866
0 0.4848845007792387 0.5983103349409366 0.021066500344486486 0.024577583735234113
0 0.3139386281922087 0.48361494417651074 0.017994302377582122 0.03277011164697882
0 0.2880443881854442 0.5005851805651247 0.03203863594057307 0.031599750516729516
0 0.22462544444006333 0.5435959521017844 0.03247752136441655 0.04739962577509431
0 0.30823311768224365 0.5447663132320336 0.029405323397512256 0.04037745899359891
0 0.2946276695430962 0.5722697997928908 0.036427490179007656 0.042718181254097445
0 0.33237181599363425 0.5912881681594411 0.02589424000676452 0.02691830599573251
0 0.3529994309142772 0.5828030499651341 0.01974984407295601 0.0251627643003588
0 0.3464161495566252 0.6132324393516144 0.03467194848363384 0.033355292212103434
0 0.2755361536059054 0.6129398490690522 0.03949968814591188 0.044473722949471224
0 0.30362482073188723 0.6243508700889823 0.027210896278294854 0.027503486560857198
0 0.2893610444569746 0.6471729121288426 0.026772010854451446 0.03335529221210351
0 0.25863906478793197 0.6673616416256419 0.025894240006764484 0.038621917298224985
0 0.3262274200598258 0.6439544190206571 0.03203863594057307 0.037451556167975825
0 0.355632743457338 0.6395655647822224 0.02677201085445134 0.027503486560857198
0 0.3483911339639208 0.666483870777955 0.021944271192173376 0.02516276430035873
0 0.37779645736143297 0.6539024886277757 0.021944271192173303 0.028088667125981886
0 0.3867936085502241 0.6302026757402285 0.02501646915907756 0.03335529221210351
0 0.4113711922854582 0.6460025509985933 0.02501646915907756 0.029844208821355665
0 0.30011373734113955 0.6989613921423714 0.021944271192173338 0.031599750516729586
0 0.2944082268311745 0.7185649410740464 0.020188729496799455 0.022822042039860123
0 0.322716336669078 0.759820170915332 0.03203863594057296 0.036281195037726664
0 0.39184079092442387 0.7668423376968276 0.018433187801425603 0.022236861474735577
0 0.36967707702032887 0.6910614545131892 0.01887207322526905 0.0239924031701095
0 0.3878908221098327 0.6793578432106966 0.023699812887547154 0.031014569951604898
0 0.41817391635503176 0.7305611426591011 0.026333125430607965 0.03511083390747714
0 0.45986803162016116 0.7405092122662197 0.03247752136441648 0.03394047277722805
0 0.47303459433546524 0.6808207946235083 0.022822042039860265 0.03745155616797561
0 0.469084625520874 0.6471729121288425 0.026333125430607892 0.02516276430035866
0 0.5070482146833337 0.6492210441067786 0.02501646915907756 0.0561773342519637
