0 0.40829899431855393 0.4839075344590731 0.03642749017900762 0.07782901516157466
0 0.44231261466642247 0.5102406598896811 0.03423306305979042 0.027503486560857205
0 0.471498495352013 0.5032184931081857 0.029405323397512218 0.05325143142634055
0 0.42190444245770137 0.5371589658854136 0.055738448828120186 0.023992403170109425
0 0.45657639094133506 0.5591032370775869 0.05134959458968552 0.024577583735234044
0 0.5445729184219502 0.5087777084768694 0.021066500344486414 0.05032552860071746
0 0.5417201631669676 0.5851437722256326 0.031160865092886212 0.05442179255658971
0 0.5588366946968628 0.6132324393516144 0.02150538576832986 0.03803673673310037
0 0.4311210363584142 0.5980177446583742 0.06627169900036342 0.04739962577509438
0 0.4313404790703359 0.6026991891793714 0.022822042039860192 0.06144395933808532
0 0.3870130512621458 0.6026991891793712 0.033355292212103434 0.08836226533381783
0 0.39469354617940644 0.62786195347973 0.06100507391424173 0.03686637560285114
0 0.43090159364649244 0.6521469469324017 0.05178848001352904 0.045644084079720454
0 0.44055707297104874 0.6884281419701281 0.034233063059790465 0.05032552860071746
0 0.3192052532783303 0.6281545437622923 0.02764978170213837 0.030429389386480352
0 0.3393939827751297 0.6688245930384533 0.01974984407295594 0.029844208821355665
0 0.31328030005644353 0.6776023015153227 0.040377458993598875 0.028673847691106574
0 0.29748042479807874 0.6483432732590916 0.024577583735234113 0.04154782012384814
0 0.3352245712486168 0.7080316909018032 0.049155167470468226 0.031014569951604898
0 0.2680751014005665 0.544181132666909 0.04213300068897272 0.042718181254097376
0 0.41685726008350144 0.7159316285309854 0.029844208821355665 0.05734769538221286
0 0.5017815895972122 0.6489284538242163 0.02326092746370364 0.027503486560857198
0 0.5090231990906294 0.674091218124575 0.03686637560285114 0.027503486560857198
0 0.4765456777262129 0.6884281419701281 0.023699812887547154 0.05032552860071746
0 0.5294313712993506 0.6875503711224414 0.04344965696050316 0.04271818125409723
0 0.5415007204550458 0.7059835589238671 0.028088667125981813 0.026918305995732653
0 0.5445729184219501 0.7358277677452226 0.023699812887547154 0.04915516747046809
0 0.5452312465577154 0.7659645668491405 0.03116086509288607 0.027503486560857198
0 0.5544478404584281 0.7732793239131985 0.02501646915907756 0.04564408407972067
0 0.5417201631669676 0.8001976299089308 0.020627614920642898 0.02574794486548342
0 0.5377701943523765 0.818338227427794 0.03379417763594681 0.049155167470468226
0 0.5169231367198117 0.8347232832512836 0.02106650034448627 0.03394047277722791
0 0.502659360444899 0.7472387887651527 0.03993857356975546 0.03569601447260183
0 0.4671096411135784 0.7387536705708456 0.03379417763594688 0.04330336181922192
0 0.4102739787258496 0.7680126988270769 0.06232173018577221 0.057347695382213
0 0.44209317195450076 0.7756200461736968 0.05486067798043309 0.029259028256231098
0 0.3898658065171283 0.8019531716043048 0.05398290713274633 0.026918305995732653
0 0.4561375055174917 0.7972717270833078 0.02852755254982526 0.028088667125981886
0 0.4886150268819083 0.8016605813217426 0.03554971933132073 0.056762514817088175
0 0.46864574009703036 0.8145345537544841 0.018433187801425603 0.022822042039860265
0 0.4326571353418663 0.8344306929687213 0.05091070916584208 0.02516276430035859
0 0.4804956465408041 0.8420380403153414 0.029844208821355734 0.031014569951604898
0 0.37472425939452875 0.8487676168142747 0.04476631323203357 0.03394047277722805
0 0.39996017126552813 0.9183673111651152 0.06100507391424181 0.06612540385908218
0 0.4635985577228307 0.8996415330811273 0.050471823741998705 0.05091070916584215
0 0.30342335915578034 0.818062121718204 0.024880393611185773 0.03835727348391146
