0 0.31310913474114455 0.10939658074722239 0.024428362691127355 0.048856725382254676
0 0.33859960015797297 0.1168312998271307 0.030800979045334388 0.04106797206044595
0 0.2918670802271207 0.10160782742541365 0.020179951788322582 0.03186308177103564
0 0.31257808337829396 0.14692421038866435 0.021242054514023785 0.03894376660904355
0 0.29956732498845434 0.16533399096748497 0.02389731132827677 0.029030807835832492
0 0.31735754564394925 0.17772518943399881 0.01911784906262131 0.02973887631963322
0 0.34337906242362837 0.18374377154630556 0.02973887631963322 0.03752762964144196
0 0.31921622541392636 0.21277457938213803 0.02602151677967903 0.027614670868230887
0 0.2958499654485002 0.19613497001281943 0.031332030408185114 0.041067972060445934
0 0.26982844866882105 0.22374964088105032 0.03239413313388624 0.04673251993085227
0 0.24646218870339492 0.21950122997824553 0.023897311328276702 0.055229341736461775
0 0.2501795482433491 0.2704821608119025 0.023897311328276664 0.04814865689845384
0 0.27434238525305105 0.28074915382701415 0.02230415723972495 0.036111492673840326
0 0.2884152463685919 0.2602151677967911 0.03770464676239218 0.04177604054424673
0 0.2767321163858788 0.3200469546779581 0.039828852213794584 0.06797457444487605
0 0.26159715254463684 0.36748754309261117 0.03292518449673675 0.046732519930852236
0 0.27779421911158 0.40572324121785386 0.02177310587687433 0.028322739352031688
0 0.2939912856785232 0.3904997688161369 0.03292518449673683 0.0460244514470515
0 0.3428480110607778 0.410325686362559 0.03504938994813926 0.04744058841465311
0 0.3532035126363644 0.37279805672111704 0.03770464676239221 0.031863081771035626
0 0.3423169596979271 0.34978583099759136 0.029738876319633293 0.029738876319633293
0 0.3093917752011903 0.3448293516109858 0.023366259965426118 0.046732519930852236
0 0.33036830403378886 0.297742797438233 0.032394133133886206 0.05168899931745777
0 0.34045827992795014 0.3150904752913524 0.02177310587687437 0.02549046541682852
0 0.40843285437282634 0.33066798193496993 0.050449879470806494 0.056645478704063376
0 0.38612869713310116 0.28924597563262355 0.04089095493949579 0.046024451447051466
0 0.43312674274537877 0.263755510215795 0.028676773593931983 0.037527629641442
0 0.39807735279723955 0.2513643117492812 0.02442836269112739 0.03115501328723482
0 0.37550766987608925 0.2517183459911816 0.024959414053977936 0.03469535570623883
0 0.46552087587926494 0.1933026960776163 0.02761467086823096 0.041067972060445934
0 0.47189349223347216 0.146570176146764 0.02124205451402375 0.032571150254836444
0 0.4806558397205069 0.11010464923102317 0.026021516779679173 0.03044694480343406
0 0.43551647387820647 0.12391198466513863 0.04938777674510519 0.03398728722243801
0 0.44534092409094245 0.16604205945128572 0.040359903576645165 0.05593741022026258
0 0.46976928678206975 0.07080684838007921 0.020179951788322582 0.025490465416828537
0 0.4002015582486419 0.11187482044052512 0.02655256814252965 0.0693907114124776
0 0.3601071803534221 0.1444459706953616 0.03239413313388624 0.041067972060445934
0 0.3776318753274917 0.1692283676283893 0.02708361950538027 0.04106797206044596
0 0.4089639057356767 0.16675012793508653 0.022835208602575534 0.03327921873863728
0 0.3956876216644119 0.1879921824491103 0.0207110031511732 0.03894376660904356
0 0.35001720445926077 0.2241036751229507 0.02389731132827677 0.031863081771035626
0 0.37895950373461823 0.2141907163497396 0.030800979045334458 0.03894376660904356
0 0.40424907932335086 0.2290638783858796 0.03464761029194828 0.029038255588479733
