0 0.3202643306066611 0.8032940543512317 0.04498005043344534 0.037697566077554256
0 0.3665295253382048 0.8195725487938118 0.024417741663870344 0.032556988885160364
0 0.3983368467161412 0.8114333015725217 0.03662661249580545 0.0762518950205073
0 0.42725259342335603 0.815288734466817 0.031486035303411625 0.049692246193139625
0 0.2661714387866995 0.6876381482072103 0.022835208602575534 0.029738876319633362
0 0.277323517406562 0.6115207861986249 0.029207824956782674 0.04885672538225478
0 0.35193623388707046 0.5594777526392667 0.04779462265655354 0.03965183509284437
0 0.41433476902201527 0.5449623487213505 0.03133203040818515 0.03469535570623883
0 0.43955970875741857 0.5672665059610753 0.02124205451402375 0.031155013287234752
0 0.47593672711268425 0.5870924235074976 0.035580441310989884 0.03681956115764116
0 0.504347975025191 0.6380733543411545 0.027614670868230818 0.03257115025483642
0 0.4788575096083625 0.6150611286176288 0.019117849062621418 0.033279218738637366
0 0.40265163903930223 0.5807198071532904 0.03026992768248391 0.03965183509284429
0 0.36680567204688713 0.6168312998271308 0.03611149267384036 0.06797457444487613
0 0.3869856238352096 0.6108127177148241 0.01805574633692025 0.02761467086823096
0 0.3306941793730467 0.6030239643930154 0.022304157239724988 0.03611149267384043
0 0.30812449645189643 0.6200176080042343 0.03451833858528858 0.05876968415546571
0 0.29856557192058575 0.654358929468573 0.03133203040818508 0.05522934173646185
0 0.29166190420352806 0.7138366821078392 0.032394133133886276 0.07647139625048553
0 0.3163557925760807 0.6957809357709192 0.03292518449673683 0.05027286234985624
0 0.31688684393893124 0.7598611335548909 0.03929780085094396 0.05239706780125872
0 0.353263862294197 0.7846435304879185 0.029207824956782674 0.0410679720604459
0 0.4857611773254202 0.7364948735894646 0.031863081771035556 0.048148656898453907
0 0.507003231839444 0.703569689092728 0.028676773593931983 0.03044694480343395
0 0.48655775436969606 0.6876381482072101 0.057884598550714726 0.055229341736461775
0 0.47699882983838543 0.6564831349199752 0.029207824956782674 0.0439002459956491
0 0.46053623759001694 0.7541965856844846 0.03876674948809345 0.03965183509284444
0 0.449118633288729 0.7917242153259262 0.026552568142530215 0.039651835092844596
0 0.43159393831465953 0.7687119896024008 0.033987287222438024 0.03327921873863744
0 0.398934279499348 0.7605692020386917 0.031332030408185 0.04106797206044604
0 0.3776922249853243 0.7619853390062933 0.028145722231081506 0.031155013287234964
0 0.43478024649176306 0.7205633327039469 0.043546211753748426 0.051688999317457844
0 0.34370493776288624 0.7481780035721778 0.024959414053977936 0.03752762964144196
0 0.3646814665954848 0.7364948735894647 0.031863081771035626 0.03540342419003963
0 0.39335824018941673 0.7138366821078393 0.030800979045334458 0.03965183509284429
0 0.34742229730284047 0.657191203403776 0.03133203040818508 0.04956479386605537
0 0.34715677162141517 0.7025075863670267 0.040359903576645095 0.03681956115764109
0 0.37742669930389894 0.6848058742720068 0.033987287222437955 0.0439002459956491
0 0.40158953631360106 0.6380733543411545 0.023897311328276702 0.02973887631963322
0 0.4169900258362682 0.6844518400301064 0.031332030408185 0.04177604054424691
0 0.39919980518077336 0.6741848470149949 0.022304157239724915 0.03115501328723482
0 0.445401273748775 0.6741848470149949 0.027614670868230887 0.056645478704063376
0 0.4294697328632571 0.6016078274254137 0.04142200630234633 0.0375276296414421
0 0.4557567753243616 0.607980443779621 0.02495941405397801 0.02903080783583242
0 0.4305318355889584 0.6246200531489395 0.023366259965426153 0.028322739352031688
0 0.4515083644215568 0.6359491488897523 0.02708361950538027 0.03681956115764109
