0 0.43188705234159785 0.23058913705044445 0.04553423035767139 0.037945191964726135
0 0.49449661908339576 0.3231754054443763 0.038704095804020684 0.07133696089368517
0 0.6106089064954578 0.40286030857030114 0.07513148009015765 0.07892599928663038
0 0.41993431687270905 0.3079973286584858 0.03301231700931183 0.05312326875061661
0 0.3664315962024452 0.2708110405330541 0.04439587459872953 0.042498615000493206
0 0.3408185916262551 0.3042028094620131 0.05236436491132206 0.042498615000493276
0 0.32943503403683727 0.34973703981968446 0.06374792250073998 0.05464107642920567
0 0.34651037042096405 0.42410961607054776 0.08651503767957568 0.07892599928663038
0 0.3578939280103819 0.47116165410680805 0.03870409580402061 0.036427384286137114
0 0.4512391002436081 0.40665482776677364 0.02959724973248633 0.05008765339343839
0 0.4774212826992692 0.44232330821361626 0.05919449946497274 0.03035615357178095
0 0.4666069029893222 0.4795095963390479 0.08309997040275029 0.06223011482215078
0 0.4831130614939781 0.5485698457148495 0.034150672768253544 0.0698191532150961
0 0.5286472918516495 0.5417397111611987 0.06147121098285631 0.05008765339343846
0 0.6003637046649818 0.5834794223223975 0.05008765339343846 0.039462999643315226
0 0.614023973772283 0.6343259795551304 0.05236436491132196 0.05919449946497266
0 0.6276842428795847 0.6730300753591512 0.04325751883978775 0.06678353785791792
0 0.4313178744621269 0.5159369806251849 0.03756574004507897 0.07437257625086331
0 0.3732617307560958 0.5379451919647259 0.030735605491428116 0.0758903839294522
0 0.2821932700407531 0.5432575188397875 0.0557794321881472 0.044016422679082255
0 0.3169131206884775 0.5849972300009865 0.06374792250073977 0.04553423035767137
0 0.23039808300890208 0.6980739020558704 0.031873961250369974 0.047052038036260485
0 0.26910217881292275 0.7124930750024663 0.02504382669671923 0.04856984571484929
0 0.2560110875850922 0.6631643254483224 0.06488627825968173 0.07133696089368506
0 0.2935768276301711 0.6343259795551304 0.05350272067026385 0.11383557589417834
0 0.3584631058898527 0.6138355758941781 0.06716298977756523 0.036427384286137184
0 0.3670007740819161 0.6791013060735074 0.07285476857227408 0.06374792250074009
0 0.5337698927668874 0.5963807875904042 0.058056143706030953 0.037945191964726135
0 0.557106185825194 0.65102186401961 0.06602463401862345 0.05008765339343853
0 0.5690589212940828 0.70642184428811 0.03301231700931169 0.03946299964331516
0 0.5633671424993738 0.7534738823243705 0.0466725861166131 0.033391768928959065
0 0.5428767388384218 0.7193232095561171 0.02618218245566098 0.040980807321904254
0 0.45579252327937525 0.8391123860695611 0.04553423035767132 0.08196161464380822
0 0.5104335997085809 0.8338000591944994 0.043257518839787894 0.05008765339343853
0 0.5007575757575757 0.7723288482116432 0.04667258611661317 0.06071230714356176
0 0.49221990756551226 0.7404548869612729 0.06147121098285628 0.06981915321509607
0 0.4950657969628668 0.6683590222282936 0.03301231700931183 0.08651503767957557
0 0.4489623887257246 0.6569754646388758 0.06374792250073981 0.09410407607252075
0 0.4501007444846664 0.7290713293718554 0.027320538214602834 0.08651503767957563
0 0.33569599071101713 0.7988904825869514 0.04439587459872957 0.05312326875061658
0 0.38350693258657204 0.8072384248191912 0.0375657400450789 0.04856984571484944
0 0.41196582656011654 0.8026850017834241 0.03984245156296247 0.05464107642920567
0 0.4375788311363067 0.7138932525859648 0.07513148009015773 0.040980807321904254
0 0.3903370671402226 0.7396959831219786 0.04894929763449667 0.05615888410779462
0 0.3567555722514401 0.7434905023184513 0.029597249732486404 0.036427384286137114
0 0.3613089952872073 0.7222411948182047 0.027320538214602834 0.0394629996433153
