0 0.5012279706992872 0.26166656286618295 0.03386843580322662 0.045157914404302134
0 0.5699056321891625 0.27985516727902615 0.030105276269534992 0.041394754870609944
0 0.7077313501106272 0.4222280363037017 0.040453964987187445 0.04014036835937972
0 0.7265471477790864 0.6179123320556776 0.02351974708557407 0.04014036835937972
0 0.6197674960105803 0.7351974708557404 0.03575001557007241 0.04892107393799407
0 0.5534418092292616 0.7389606303894322 0.032927645919803655 0.04892107393799392
0 0.6037740679923899 0.6009781141540643 0.031986856036380684 0.04641230091553283
0 0.6117707820014853 0.4316359351379313 0.032927645919803725 0.04390352789307159
0 0.4974648111655938 0.3833420544555521 0.039513175103764356 0.03763159533691773
0 0.5449747002784548 0.3124692165710229 0.040453964987187306 0.07150003114014507
0 0.4871161224479427 0.29428061215817897 0.03198685603638083 0.03763159533691837
0 0.41467530142437453 0.30870605703733106 0.024460536968997033 0.028850889758304098
0 0.3888035796302433 0.3149779895934841 0.032927645919803655 0.07150003114014507
0 0.4193792508414896 0.43602628792723847 0.030105276269534825 0.0551930064941471
0 0.4617147955955228 0.44041664071654557 0.04139475487061027 0.0388859818481491
0 0.5106358695335168 0.4172104902587793 0.03763159533691848 0.030105276269534825
0 0.34599763993449856 0.42410961607054765 0.0451579144043022 0.05895616602783889
0 0.3031917002387538 0.46550437094115793 0.032927645919803614 0.05895616602783896
0 0.23263245898203166 0.5595833592834542 0.02728290661926586 0.0715000311401451
0 0.2961357761130815 0.6304561971679837 0.031986856036380684 0.042649141381840894
0 0.3634022527778233 0.5696184513732989 0.02351974708557407 0.04390352789307159
0 0.3798660757377252 0.49811842023315406 0.02446053696899696 0.03386843580322654
0 0.4057377975318566 0.5037631595336918 0.03104606615295765 0.047666687426763374
0 0.4612444006538112 0.48933771465453973 0.027282906619265787 0.028850889758304278
0 0.4988759959907298 0.49059210116577034 0.02351974708557407 0.03135966278076545
0 0.5510898345207041 0.5012543865112307 0.026342116735842965 0.050175460449224614
0 0.5289812722602646 0.6210482983337543 0.03104606615295765 0.04139475487061034
0 0.46124440065381117 0.6003509208984491 0.042335544754033234 0.04014036835937972
0 0.38974436951366626 0.6229298781006003 0.032927645919803655 0.03261404929199593
0 0.43584307380139137 0.6674605992492869 0.025401326852419998 0.0388859818481491
0 0.4353726788596798 0.7013290350525138 0.03575001557007248 0.0413947548706102
0 0.47582664384686724 0.6988202620300524 0.028223696502688755 0.03135966278076538
0 0.4974648111655954 0.6630702464599801 0.03951317510376434 0.05017546044922469
0 0.5793135310233924 0.5765175771850675 0.030105276269534152 0.035122822314457375
0 0.5760207664314126 0.5495482671936093 0.025401326852419998 0.028850889758304205
0 0.43631346874310284 0.8381841400512505 0.031986856036380615 0.0451579144043022
0 0.5252181127265727 0.8193683423827912 0.04421712452087924 0.05268423347168593
0 0.48758651738965425 0.8770701218993995 0.04986186382141703 0.03763159533691862
0 0.33047460685801966 0.7234077742736491 0.03104606615295772 0.06648248509522262
0 0.37045817690349553 0.6776226666137316 0.026342116735842965 0.03512282231445738
0 0.3549351438270167 0.619293693841508 0.02728290661926593 0.03386843580322662
0 0.3761029162040333 0.806824477270485 0.028223696502688897 0.032614049291995996
0 0.36105027806926593 0.7861270998351799 0.022578957202151032 0.04139475487061034
0 0.6621030407646137 0.34081988834831134 0.01881579766845917 0.028850889758304205
0 0.6724517294822661 0.3276488299803898 0.022578957202151174 0.027596503247073512
