0 0.28733044931162305 0.4849680955265752 0.029545467413283042 0.059090934826566084
0 0.29121801081337073 0.5456140549538405 0.027990442812584 0.0393939565510442
0 0.358861580943782 0.5031100492013982 0.024880393611185738 0.05805425175943348
0 0.39346087830933724 0.47822965559021247 0.02876795511293352 0.037320590416778716
0 0.3767443638518219 0.5430223472860086 0.04198566421887598 0.05079747028950422
0 0.34525511568766487 0.5886364022398493 0.030322979713632705 0.03006380894684952
0 0.3724680461998993 0.5917464514412474 0.025657905911535224 0.03213717508111508
0 0.40784485586580405 0.5958931837097784 0.04043063961817687 0.048724104155238805
0 0.35614028789255864 0.6280303587908933 0.03343302891503086 0.03421054121538034
0 0.320374722076479 0.649800703200681 0.03032297971363267 0.03421054121538042
0 0.41795251577034825 0.6715710476104685 0.023325369010486697 0.027990442812584036
0 0.4350577863780385 0.6057416728475394 0.02643541821188492 0.06634771629649543
0 0.4482754954839809 0.6751994383454325 0.03732059041677864 0.041467322685309525
0 0.470434596043943 0.7534690099139547 0.025657905911535366 0.030063808946849662
0 0.48054225594848743 0.7239235425006718 0.02876795511293359 0.03524722428251323
0 0.5131977725631685 0.7104466626279463 0.030322979713632493 0.051834153356636964
0 0.5419657276761023 0.6430622632643181 0.03965312731782731 0.03524722428251323
0 0.48131976824883693 0.8332936060831758 0.03343302891503079 0.03628390734964583
0 0.5240829447680624 0.8602473658286272 0.0380981027171282 0.03628390734964597
0 0.6271033245643786 0.8395137044859723 0.041985664218876124 0.054944202558035046
0 0.7771631985318426 0.6456539709321499 0.04354068881957488 0.04043063961817694
0 0.7149622145038782 0.7228868594335393 0.03887561501747769 0.08293464537061951
0 0.6721990379846525 0.7208134932992736 0.029545467413283392 0.06427435016223036
0 0.6620913780801085 0.7638358405852824 0.03576556581607946 0.04457737188670777
0 0.5956140764002215 0.7648725236524142 0.024102881310835943 0.03421054121538047
0 0.6251595438135046 0.6798645121475303 0.03343302891503086 0.03835727348391131
0 0.5788975619427061 0.6788278290803976 0.027990442812583893 0.08189796230348648
0 0.5781200496423565 0.7389554469740967 0.03887561501747776 0.052870836423769704
0 0.6531499866260887 0.5176236121412566 0.03809810271712827 0.03524722428251316
0 0.713795946053354 0.5207336613426549 0.024102881310836183 0.04561405495384058
0 0.7491727557192587 0.5342105412153804 0.03265551661468138 0.037320590416778716
0 0.7460627065178604 0.5912281099076812 0.04198566421887577 0.04561405495384065
0 0.7114634091523045 0.6098884051160706 0.02876795511293364 0.08293464537061908
0 0.6799741609881482 0.6285487003244598 0.03421054121538034 0.043540688819575096
0 0.6675339641825551 0.5777512300349555 0.03887561501747783 0.05805425175943348
0 0.6224382507622812 0.5782695715685218 0.046650738020973324 0.04250400575244228
0 0.6500399374246905 0.40566184089092067 0.027212930512234338 0.06842108243076084
0 0.8133175204980969 0.4751196063888142 0.024102881310836183 0.051834153356636964
0 0.8082636905458248 0.4424640897741329 0.02021531980908861 0.027990442812584036
0 0.7896033953374356 0.4429824313076993 0.018660295208389216 0.03524722428251316
0 0.7285686797599956 0.26363626069373525 0.027212930512234407 0.08708137763915019
0 0.7849383215353382 0.3185804632517705 0.03265551661468123 0.053907519490902514
0 0.6795854048379735 0.2859249466370892 0.025657905911535293 0.040430639618176833
0 0.6480961566738165 0.2890349958384874 0.0357655658160796 0.04043063961817687
0 0.612719347007912 0.4124002808272835 0.025657905911535366 0.03628390734964597
0 0.5944478079496973 0.41291862236084975 0.023325369010486624 0.0331738581482476
