0 0.4435622287707048 0.15237703499302646 0.029558318856264164 0.03855432894295314
0 0.4676586843600505 0.16951229230100565 0.02120488091862427 0.026559648827367752
0 0.3854094492817505 0.17893668382039418 0.040482045390100724 0.029986700288963563
0 0.3850881632072259 0.20849500267665824 0.023132597365771872 0.03427051461595848
0 0.35585113042548644 0.2569021045716995 0.018634592322427323 0.023132597365771907
0 0.36356199621407703 0.23419788863862703 0.02249002521672267 0.035984040346756244
0 0.38573073535627517 0.24490742445611408 0.023132597365771872 0.04026785467375106
0 0.40757818842394855 0.22091806422494314 0.019277164471476597 0.04026785467375106
0 0.4470963755904755 0.23633979580212436 0.02763060240911635 0.0317002260197615
0 0.4891848513531994 0.18150697241659106 0.029558318856264094 0.029986700288963563
0 0.5158515955387419 0.18536240531088638 0.01734944802432892 0.0222758345003729
0 0.5126387347934959 0.2303424557443317 0.035341468197707046 0.057403111981730245
0 0.5267753220725787 0.2607575374659947 0.02120488091862441 0.041124617539149956
0 0.51360259301707 0.28303337196636774 0.024417741663870198 0.03427051461595832
0 0.5637232206429088 0.32887018526521195 0.03598404034675631 0.047121957596942786
0 0.5254901777744805 0.32458637093821724 0.03534146819770659 0.033413751750559245
0 0.500108577887036 0.48779969679671886 0.02698803026006729 0.035984040346756244
0 0.5508717776619244 0.4556710893442578 0.0244177416638702 0.029986700288963563
0 0.5309520410413986 0.45995490367125264 0.016706875875279793 0.03170022601976157
0 0.5161728816132666 0.45352918218076044 0.017992020173378122 0.027416411692766686
0 0.5200283145075619 0.4243992447571959 0.020562308769575 0.025702885961968746
0 0.49978729181251164 0.42354248189179683 0.03405632389960866 0.05311929765473545
0 0.48083141341555957 0.4081207503146156 0.030843463154362424 0.030843463154362424
0 0.483722988086281 0.36057041128497347 0.021204880918624127 0.048835483327740764
0 0.4991447196634622 0.3400081025153985 0.028915746707214883 0.0522625347893365
0 0.5351287600102185 0.36442584417926865 0.03662661249580559 0.046265194731543814
0 0.5370564764573662 0.3948409259009318 0.04562262258249447 0.05226253478933643
0 0.4576988160497876 0.4693792951906412 0.037269184644854576 0.03855432894295305
0 0.4377790794292619 0.48865645966211774 0.03598404034675631 0.042838143269947934
0 0.40275889730607944 0.4646670994309469 0.03662661249580545 0.034270514615958377
0 0.4017950390825057 0.430824966247688 0.024417741663870274 0.029986700288963563
0 0.45866267427336155 0.3871300601123412 0.026345458111017947 0.038554328942953194
0 0.46605225398742745 0.3125916908226317 0.02570288596196882 0.029986700288963563
0 0.4329597883113927 0.31559036085152814 0.03148603530341177 0.05825987484712915
0 0.43585136298211424 0.3815611014872479 0.024417741663870344 0.027416411692766617
0 0.40757818842394855 0.3935557816028334 0.030843463154362566 0.029129937423564626
0 0.3911925986231936 0.37127994710246043 0.019919736620525867 0.020562308769575068
0 0.3889435961015211 0.3931274001701339 0.016706875875279577 0.023132597365771942
0 0.4300682136406712 0.3567149783906781 0.04112461753915007 0.030843463154362566
0 0.4053291859022764 0.3335823810249062 0.02763060240911636 0.03941109180835204
0 0.394084173293915 0.30402406216864214 0.02698803026006722 0.04198138040454889
0 0.4811526994900841 0.2423371358599172 0.034056323899608575 0.06425721490492191
0 0.4628393932421813 0.25604534170630056 0.0257028859619688 0.03855432894295319
0 0.4538433831554923 0.28089146480287025 0.021847453067673397 0.02655964882736768
0 0.42428506429922824 0.22991407431163224 0.03469889604865784 0.05654634911633128
0 0.42878306934257276 0.2042111883496635 0.026988030260067148 0.03769756607755422
