0 0.3600278493943064 0.2952550942412838 0.024102881310836183 0.052870836423769704
0 0.3087120375712357 0.30769529104687676 0.027212930512234407 0.0362839073496459
0 0.44710922703345657 0.3019935341776466 0.019437807508738844 0.051834153356636964
0 0.47237837679481715 0.2999201680433811 0.021770344409787583 0.03732059041677864
0 0.5481858260788988 0.34346085686295624 0.03187800431433182 0.03110049201398219
0 0.5104764795119453 0.44505579744196483 0.0326555166146813 0.05805425175943348
0 0.5256379693687616 0.48807814472797345 0.030322979713632778 0.0362839073496459
0 0.4513855446853791 0.4445374559083983 0.02643541821188492 0.027990442812583893
0 0.42533888262366903 0.35901110286994736 0.02876795511293352 0.05183415335663703
0 0.4230063457226204 0.3952950102195932 0.055203373324818374 0.04146732268530961
0 0.397348439811085 0.4124002808272834 0.0178827829080398 0.027990442812583893
0 0.38801829220689044 0.434170625237071 0.019437807508738844 0.05079747028950422
0 0.4222288334222708 0.4600877019153893 0.019437807508738913 0.04043063961817687
0 0.3211522343768287 0.369896275074841 0.03654307811642909 0.044577371886707906
0 0.28305413165970045 0.36678622587344295 0.024102881310836183 0.03835727348391139
0 0.2585624941986895 0.37145129967554025 0.03110049201398226 0.047687421088106065
0 0.25778498189834 0.40877189009231885 0.023325369010486624 0.029027125879716776
0 0.29821562151651676 0.4460924805090975 0.04665073802097328 0.0331738581482476
0 0.3538077509915101 0.4600877019153895 0.04276317651922547 0.0653110332293626
0 0.2764452771067292 0.477711314056646 0.05753591022586701 0.03006380894684959
0 0.400847245162658 0.5108851722048938 0.023325369010486697 0.032137175081115
0 0.3503089456399369 0.5388756150174778 0.04976078722237151 0.05701756869230062
0 0.29277303541406996 0.5482057626216725 0.027990442812584 0.054944202558035254
0 0.2597287626492138 0.5689394239643272 0.03654307811642909 0.03213717508111493
0 0.4016247574630076 0.5528708364237697 0.031100492013982118 0.03524722428251316
0 0.41678624731982383 0.6047049897804067 0.022547856710137138 0.06634771629649534
0 0.44244415323135927 0.619218552720265 0.02254785671013707 0.04146732268530961
0 0.4607156922895739 0.635805481794389 0.02799044281258407 0.04768742108810598
0 0.5034788688087992 0.6529107524020792 0.02643541821188471 0.052870836423769774
0 0.3604166055444813 0.5938198175755133 0.026435418211884804 0.050797470289504494
0 0.2811103509088266 0.6440989463314508 0.027990442812583963 0.05183415335663703
0 0.3192084536259548 0.6435806047978845 0.03887561501747769 0.04457737188670784
0 0.34331133493679106 0.5964115252433448 0.023325369010486624 0.029027125879716776
0 0.3246510397284017 0.5787879131020882 0.037320590416778605 0.029027125879716707
0 0.35614028789255864 0.6430622632643181 0.04276317651922554 0.05390751949090258
0 0.3398125295852179 0.7083732964936806 0.02876795511293345 0.04561405495384051
0 0.31259959907298357 0.6788278290803977 0.03654307811642916 0.03006380894684952
0 0.3666367039472776 0.7648725236524152 0.02643541821188492 0.04665073802097325
0 0.33592496808347017 0.7913079418643 0.03498805351572997 0.03317385814824775
0 0.39423839060968674 0.7327353485713002 0.022547856710136996 0.03421054121538034
0 0.41795251577034825 0.7379187639069639 0.02021531980908847 0.030063808946849662
0 0.40706734356545454 0.7643541821188486 0.046650738020973324 0.029027125879716634
0 0.4657695222418459 0.8187800431433176 0.02876795511293359 0.04043063961817665
0 0.36663670394727765 0.8685408303656892 0.023325369010486697 0.03421054121538049
