0 0.4118529317741059 0.6912939429626687 0.045157914404302064 0.04390352789307159
0 0.4617147955955228 0.6662062127380564 0.028223696502688897 0.05895616602783889
0 0.5289812722602645 0.6317105836792144 0.03104606615295765 0.06021055253906951
0 0.6884451575004565 0.6154035590332165 0.02446053696899696 0.03763159533691841
0 0.6564583014640759 0.5715000311401448 0.04892107393799392 0.06271932556153068
0 0.6569286964057871 0.46174121140746593 0.05174344358826258 0.07400880416260636
0 0.6423464532127312 0.5225789572021509 0.022578957202151032 0.030105276269534756
0 0.5727280018394318 0.5351228223144557 0.048921073937995094 0.05519300649414694
0 0.5807247158485274 0.49184648767700084 0.04421712452087924 0.03888598184814903
0 0.4777082236137132 0.6116403994995246 0.05456581323853172 0.03512282231445731
0 0.5082838948249594 0.6392369027465982 0.019756587551882063 0.030105276269534898
0 0.4146753014243747 0.5708728378845297 0.045157914404302134 0.05142984696045524
0 0.506872709999825 0.18765775870357657 0.03386843580322654 0.03763159533691844
0 0.5365075913276484 0.178249859869347 0.023519747085573996 0.043903527893071545
0 0.46735953489606064 0.2158814552062654 0.031986856036380684 0.028850889758304136
0 0.3144811788398293 0.3350481737731739 0.025401326852420036 0.03637720882568779
0 0.360109488185843 0.2873814863464106 0.030105276269534756 0.06899125811768386
0 0.40244503293987627 0.2723288482116432 0.030105276269534756 0.07902635020752882
0 0.38221805044628254 0.35323677818601795 0.025401326852419928 0.045157914404302134
0 0.4010338481147418 0.4059210116577037 0.031046066152957793 0.0451579144043022
0 0.4461917625190439 0.42787277560423936 0.04986186382141689 0.08404389625245116
0 0.3968002936393385 0.47930262256469475 0.030105276269534756 0.06648248509522255
0 0.4212608306083354 0.5181886044128439 0.03575001557007241 0.0313596627807653
0 0.5746095816062783 0.22278058101803389 0.030105276269534756 0.07275441765137572
0 0.6197674960105801 0.2547674370544144 0.028223696502688824 0.03386843580322662
0 0.6390536886207511 0.31184202331540756 0.04421712452087938 0.052684233471685854
0 0.5943661691581603 0.33881133330686575 0.039513175103764266 0.04892107393799396
0 0.570376027130874 0.30557009075925357 0.03480922568665069 0.08028073671875914
0 0.5374483812110707 0.3243858884277133 0.03857238522034221 0.07526319067383677
0 0.5125174493003624 0.24535953822018486 0.03386843580322669 0.050175460449224545
0 0.4772378286720017 0.27609200774533504 0.053625023355108825 0.03386843580322662
0 0.45512926641156215 0.3049428975036392 0.04139475487061027 0.04139475487061027
0 0.4998167858741527 0.3143507963378687 0.044217124520879024 0.03512282231445727
0 0.6277642100196755 0.3601359039977862 0.04045396498718716 0.04641230091553275
0 0.6145931516517541 0.38020608817747603 0.034809225686649584 0.02383334371338172
0 0.6178859162437343 0.40968417119139544 0.030105276269534614 0.027596503247073585
0 0.611770782001485 0.4385350609496996 0.06491450195618434 0.06773687160645324
0 0.5501490446372813 0.42599119583739353 0.054565813238531644 0.0551930064941471
0 0.4861753325645198 0.4341447081603926 0.03951317510376434 0.03888598184814903
0 0.5111062644752282 0.5131710583679212 0.034809225686649514 0.03386843580322654
0 0.5148694240089201 0.5564473930053776 0.03480922568664965 0.03261404929199593
0 0.4852345426810964 0.5595833592834538 0.030105276269534867 0.05644739300537736
0 0.4659483500709261 0.4956096472106928 0.025401326852419998 0.023833343713381652
0 0.4363134687431029 0.48682894163207846 0.03575001557007255 0.03888598184814903
0 0.4687707197211951 0.5257149234802276 0.029164486386111788 0.04390352789307151
0 0.4461917625190438 0.539513175103764 0.029164486386111844 0.04139475487060997
