0 0.40780283132597006 0.11521693768000855 0.03642738428613704 0.042498615000493255
0 0.5990465988281894 0.13570734134096069 0.0500876533934386 0.05312326875061659
0 0.660517809811046 0.20021416768099506 0.04098080732190439 0.06678353785791799
0 0.5370062099658626 0.16909911026991967 0.030735605491428047 0.07133696089368513
0 0.5745719500109413 0.1759292448235704 0.03073560549142819 0.033391768928959016
0 0.5905089306361262 0.24043607116360477 0.039842451562962254 0.044016422679082366
0 0.46130555199623396 0.2647209940210295 0.031873961250369905 0.06526573017932893
0 0.4203247446743297 0.2647209940210295 0.038704095804020684 0.07133696089368513
0 0.4203247446743298 0.32998672420035846 0.04325751883978775 0.0440164226790823
0 0.5113932053896724 0.3125319358965844 0.036427384286137114 0.05160546107202755
0 0.33494806275369593 0.3641373969686118 0.034150672768253544 0.07589038392945227
0 0.3952809179776105 0.4081538196476943 0.034150672768253613 0.06981915321509603
0 0.3628377788477696 0.47797297286279034 0.03301231700931169 0.04856984571484944
0 0.397557629495494 0.48556201125573556 0.029597249732486404 0.04856984571484944
0 0.36340695672724055 0.5189537801846946 0.04325751883978768 0.04856984571484944
0 0.6787315019541146 0.32012097428952957 0.04325751883978782 0.057676691786383676
0 0.704344506530305 0.4347154540230024 0.03528902852719526 0.047052038036260416
0 0.6656404107262841 0.5523455491136536 0.03073560549142826 0.039462999643315226
0 0.6263671370427926 0.5735948566139001 0.03642738428613704 0.04856984571484937
0 0.6018924882255443 0.5819427988461399 0.01935204790201027 0.03490957660754802
0 0.5444055223989842 0.5318551454527012 0.05691778794708917 0.06223011482215093
0 0.48065759989824414 0.603951010185681 0.031873961250369905 0.07285476857227408
0 0.4476452828889325 0.602433202507092 0.03642738428613697 0.09106846071534257
0 0.4106487207233244 0.576630471971078 0.023905470937777517 0.03642738428613679
0 0.45845966259887944 0.4590003768804273 0.030735605491428047 0.08044380696521948
0 0.4152021437590915 0.534890760809879 0.03528902852719574 0.044016422679083005
0 0.6508417858600408 0.2687652501683744 0.0380981027171282 0.03835727348391139
0 0.60924487779134 0.2729119824369054 0.045095713420273735 0.048724104155238805
0 0.6337365152523509 0.3071225236522854 0.025657905911535092 0.032137175081114855
0 0.6092448777913398 0.33096623419633886 0.06064595942726534 0.06738439936362813
0 0.5559852852173952 0.31697101279004686 0.04742825032132281 0.062200984027964416
0 0.5485989183640745 0.3563649693410909 0.041985664218876055 0.04146732268530961
0 0.5925283633338243 0.37450692301591393 0.031878004314331736 0.061164300960831725
0 0.5062244979950237 0.38124536295227673 0.024102881310836183 0.03524722428251316
0 0.5353812092581319 0.39835063355996697 0.03421054121538049 0.03213717508111493
0 0.5349924531079573 0.46158830065506407 0.025657905911535224 0.04457737188670784
0 0.5719242873745611 0.45277649458443575 0.03421054121538034 0.049760787222371476
0 0.5975821932860964 0.4522581530508694 0.04820576262167248 0.08397132843775204
0 0.6139099515934372 0.4916521096019135 0.026435418211884908 0.05701756869230084
0 0.6341252714025254 0.46832674059142687 0.040430639618176986 0.04976078722237147
0 0.6352915398530499 0.41338253803339164 0.03498805351573005 0.03524722428251309
0 0.6566731281126625 0.44292800544667466 0.029545467413283132 0.042504005752442314
0 0.6597831773140611 0.395758925892135 0.023325369010486773 0.031100492013982583
0 0.6640594949659834 0.4170109287683562 0.024102881310836183 0.02591707667831855
