0 0.48861823365755647 0.635368532733036 0.04883548332774069 0.049692246193139694
0 0.46355791984463685 0.6974838404744602 0.029558318856264094 0.06939779209731554
0 0.4526341933108003 0.7861587970432524 0.07453836928970936 0.07710865788590623
0 0.42789516557240526 0.7458909423695015 0.03148603530341177 0.0462651947315436
0 0.4311080263176513 0.6979122219071597 0.03534146819770698 0.039411091808352124
0 0.4449233275222096 0.658929511531507 0.02955831885626402 0.03684080321215518
0 0.4449233275222096 0.6263725226463467 0.039839473241051665 0.05568958625093224
0 0.47640936282562135 0.5209906902022747 0.028273174558165623 0.03341375175055944
0 0.46066634517391547 0.5514057719239378 0.04947805547678982 0.059973400577927126
0 0.4381763199571928 0.5659707406357201 0.030200891005313295 0.03255698888516043
0 0.4188991554857162 0.6045250695786732 0.04048204539010079 0.037697566077554256
0 0.409903145399027 0.6555024600699113 0.02763060240911635 0.05054900905853863
0 0.4028348517594859 0.7047663248303513 0.023775169514821216 0.03941109180835227
0 0.3976942745670921 0.7634545811101802 0.030200891005313295 0.060830163443326056
0 0.3511077937610237 0.7733073540622684 0.04498005043344527 0.05483282338553337
0 0.3652443810401064 0.7416071280425066 0.03341375175055937 0.03769756607755397
0 0.3726339607541725 0.7034811805322531 0.028915746707214893 0.03684080321215518
0 0.37584682149941856 0.6567876043680098 0.035341468197707115 0.049692246193139625
0 0.3093406040728244 0.7703086840333717 0.05783149341442975 0.08653304940529495
0 0.27014370298082196 0.7583140039177863 0.033413751750559405 0.06768426636651782
0 0.30869803192377515 0.7167610049459366 0.04755033902964225 0.049692246193139625
0 0.23994281197550868 0.7069082319938487 0.035984040346756244 0.060830163443326056
0 0.27303527765154345 0.6782066760029835 0.030200891005313295 0.034270514615958377
0 0.34757364694125287 0.6769215317048852 0.023775169514821143 0.04369490613534694
0 0.3215494749047595 0.6644984701566004 0.042409761837248504 0.056546349116331454
0 0.24347695879527936 0.6383672027619319 0.026345458111017947 0.04026785467375099
0 0.2855654345580032 0.6439361613870253 0.05269091622203596 0.044551669000746016
0 0.2762481383967896 0.5903884822995904 0.030200891005313295 0.05911663771252819
0 0.31801532808498884 0.5792505650494039 0.04690776688059305 0.06768426636651782
0 0.3144811812652182 0.5514057719239376 0.020562308769575034 0.030843463154362424
0 0.30227231043328295 0.5261312673946683 0.029558318856264164 0.083105997943699
0 0.3446820722705313 0.506854102923192 0.03855432894295312 0.04797872046234161
0 0.25118782458387 0.5154217315771814 0.07261065284256173 0.083962760809098
0 0.3045213129549552 0.45287804240305746 0.043052333986297736 0.046265194731543814
0 0.34757364694125287 0.42803191930648765 0.026345458111017947 0.030843463154362497
0 0.3755255354248939 0.4490226095087621 0.017992020173378052 0.028273174558165623
0 0.3498226494629252 0.46144567105704704 0.023132597365771872 0.029129937423564626
0 0.37102753038154934 0.4764390212015288 0.020562308769575 0.02655964882736768
0 0.40990314539902717 0.45544833099925436 0.03791175679390392 0.030843463154362497
0 0.4295015959450284 0.49271751564410904 0.05911663771252819 0.038554328942953194
0 0.3906259809275506 0.4944310413749069 0.02120488091862427 0.0522625347893365
0 0.409903145399027 0.534698896048658 0.021204880918624127 0.02827317455816555
0 0.38773440625682914 0.5783938021840049 0.017992020173378052 0.06254368917412385
0 0.3511077937610236 0.5723964621262122 0.047550339029642216 0.07282484355891164
0 0.37584682149941856 0.5942439151938856 0.06875521994826642 0.05825987484712925
0 0.25729225999983757 0.5625436891741242 0.03341375175055937 0.0651139777703208
