0 0.43233649332681506 0.46112438498252223 0.02721293051223448 0.054944202558035185
0 0.4735446452453415 0.49118819392937174 0.03498805351572997 0.04665073802097325
0 0.5174740902150912 0.5217703444097875 0.049760787222371546 0.043540688819575166
0 0.5520733875806463 0.5492424456888053 0.041208151918526476 0.04250400575244238
0 0.5446870207273257 0.6005582575118755 0.026435418211884994 0.04146732268530947
0 0.55479468063187 0.6358054817943889 0.023325369010486624 0.031100492013982402
0 0.5788975619427059 0.6990431488894862 0.024880393611185738 0.053907519490902445
0 0.5551834367820446 0.7545056929810875 0.02876795511293353 0.06945776549789354
0 0.5155303094642175 0.8289472939230978 0.03343302891503086 0.03939395655104406
0 0.4840410613000604 0.8393141245944252 0.023325369010486624 0.03317385814824775
0 0.4198962965212222 0.8553827121349826 0.030322979713632636 0.03628390734964583
0 0.3790769007528705 0.8797447642126021 0.0326555166146813 0.0393939565510442
0 0.37363431465042374 0.8237638785874342 0.02488039361118581 0.03732059041677857
0 0.3483651648890631 0.8413874907286908 0.03187800431433182 0.03732059041677857
0 0.4552731061871269 0.7947367527077174 0.03421054121538042 0.0393939565510442
0 0.4012360013128328 0.755342796156673 0.05364834872411933 0.0393939565510442
0 0.3728568023500739 0.7340907932804516 0.03265551661468129 0.04872410415523807
0 0.32853860123014944 0.7895533373720535 0.03421054121538042 0.047687421088106134
0 0.29860437766669157 0.767782992962266 0.03343302891503079 0.047687421088105995
0 0.3308711381311981 0.739792550149682 0.03576556581607953 0.047687421088105995
0 0.273335227905331 0.7164671811391954 0.03732059041677857 0.05287083642376956
0 0.488317378951983 0.6858850306587797 0.024102881310836325 0.04561405495384051
0 0.5135865287133435 0.6864033721923462 0.023325369010486555 0.036283907349645685
0 0.5338018485224321 0.712838790404231 0.03576556581607953 0.049760787222371476
0 0.5221391640171887 0.6449360495070364 0.02488039361118581 0.05079747028950422
0 0.47315588909516676 0.7340907932804518 0.06064595942726527 0.03628390734964597
0 0.4712121083442928 0.7403108916832486 0.02254785671013707 0.048724104155238875
0 0.43583529867838794 0.7107654242699653 0.02488039361118581 0.03524722428251309
0 0.4579943992383504 0.6464910741077355 0.03498805351573005 0.053907519490902514
0 0.4766546944467396 0.6148722405601871 0.04276317651922554 0.0362839073496459
0 0.43428027407768893 0.5708132102070456 0.0326555166146813 0.04561405495384065
0 0.4086223681661536 0.5371210105252315 0.04665073802097325 0.03213717508111493
0 0.3639154108960541 0.47492002649726717 0.027212930512234407 0.030063808946849447
0 0.38102068150374435 0.5091305677126476 0.04120815191852636 0.03213717508111493
0 0.364304167046229 0.5438594504615943 0.026435418211884852 0.03317385814824775
0 0.3091007937214105 0.5645931118042491 0.027990442812583963 0.07671454696782277
0 0.2873304493116229 0.5417860843273289 0.02954546741328311 0.047687421088105995
0 0.276834033256904 0.6438993664399039 0.03498805351572997 0.03628390734964597
0 0.3421450664862667 0.5936202376839659 0.02876795511293345 0.035247224282513014
0 0.3351474557831206 0.6584129293797623 0.02721293051223448 0.04457737188670798
0 0.34292257878661614 0.6356059019028418 0.04742825032132281 0.052870836423769704
0 0.4163974911696491 0.6293858035000455 0.052870836423769774 0.06116430096083178
0 0.40628983126510493 0.6521928309769658 0.03110049201398226 0.03835727348391146
0 0.40279102591353194 0.6838116645245144 0.03187800431433182 0.029027125879716776
0 0.4801534997983126 0.5645931118042491 0.02488039361118581 0.031100492013982118
0 0.49531498965512893 0.5806616993448066 0.020992832109437955 0.027990442812584036
