0 0.25662260100931716 0.3400657198180964 0.026342116735842965 0.04139475487061027
0 0.34317527028422967 0.35574555120847917 0.043276334637456275 0.04014036835937965
0 0.37845489091259066 0.3601359039977863 0.02540132685242007 0.03637720882568786
0 0.3986818734061844 0.3877324072448598 0.03951317510376441 0.04390352789307144
0 0.46782992983777205 0.3551183579528639 0.023519747085573996 0.03386843580322669
0 0.4810009882056934 0.3820876679443221 0.02351974708557414 0.027596503247073512
0 0.5200437683677466 0.4416710272277763 0.0432763346374562 0.03386843580322654
0 0.5473266749870124 0.481811395587156 0.04327633463745613 0.058956166027839034
0 0.45842203100354256 0.4040394318908578 0.02728290661926586 0.03637720882568779
0 0.46406677030408017 0.3833420544555527 0.021638167318728207 0.032614049291996065
0 0.5172213987174775 0.7696930999145823 0.0432763346374562 0.050175460449224545
0 0.3779844959708791 0.8518554164001874 0.05832897277222365 0.06146493905030041
0 0.44901413216931263 0.8192413671081912 0.031046066152957793 0.04892107393799392
0 0.4861753325645198 0.7565220415466607 0.028223696502688966 0.0413947548706102
0 0.5233365329597268 0.677495691339132 0.034809225686649584 0.06648248509522262
0 0.555793783937819 0.6229298781005999 0.04892107393799396 0.0677368716064533
0 0.5233365329597267 0.6292018106567532 0.031046066152957793 0.04264914138184103
0 0.557675363704665 0.5388859818481491 0.041394754870610416 0.05770177951660827
0 0.5045207352912675 0.5382587885925336 0.04421712452087924 0.05142984696045524
0 0.4828825679725392 0.47428507651977214 0.03669080545349551 0.048921073937994
0 0.23075087921518567 0.44982453955077534 0.029164486386111826 0.0451579144043022
0 0.298487750821639 0.4059210116577037 0.031046066152957685 0.03763159533691855
0 0.3285930270911737 0.40027627235716595 0.025401326852419963 0.03888598184814917
0 0.3361193461585574 0.465504370941158 0.03669080545349555 0.09407898834229612
0 0.3958595037559155 0.48557455512084785 0.028223696502688824 0.06648248509522262
0 0.42267201543346977 0.4680131439636191 0.03669080545349543 0.0514298469604552
0 0.46453716524579164 0.5420219481262255 0.03763159533691834 0.05142984696045531
0 0.24533312240824168 0.4799298158203101 0.026342116735842927 0.047666687426763374
0 0.2613265504264319 0.45672366536254366 0.02446053696899696 0.03135966278076538
0 0.2622673403098549 0.5250877302246122 0.026342116735842858 0.03763159533691848
0 0.23921798816599235 0.7000746485412832 0.032927645919803614 0.04641230091553268
0 0.2839055076285831 0.6975658755188218 0.043276334637456275 0.08153512322998992
0 0.261326550426432 0.6085044332214481 0.02822369650268886 0.03637720882568786
0 0.30742525471415705 0.59219740857545 0.03386843580322662 0.07150003114014504
0 0.30601406988902263 0.5445307211486867 0.034809225686649584 0.03135966278076545
0 0.3459976399344984 0.5445307211486863 0.04892107393799428 0.05895616602783895
0 0.3525831691184592 0.6298290039123686 0.03575001557007248 0.08655266927491262
0 0.37798449597087924 0.5903158288086042 0.03951317510376441 0.08529828276368172
0 0.4127937216575288 0.605995660198987 0.030105276269534756 0.05644739300537772
0 0.4476029473441784 0.5978421478759879 0.030105276269534683 0.06522809858399206
0 0.485704937622807 0.6304561971679825 0.04609870428772571 0.05017546044922396
0 0.4222016204917584 0.6593070869262881 0.03763159533691841 0.04014036835937979
0 0.39115555433880067 0.6731053385498248 0.028223696502688824 0.0451579144043022
0 0.40056345317303027 0.7510042775207226 0.03763159533691841 0.06397371207276137
0 0.43960623333508325 0.747241117987031 0.040453964987187375 0.04892107393799407
0 0.4372542586265258 0.6989472373046521 0.031986856036380684 0.04014036835937972
