0 0.3312598942813728 0.2299440610119211 0.04431820111992461 0.04872410415523877
0 0.3631378985957046 0.24653099008604504 0.07230864393250855 0.054944202558035185
0 0.4346690302278635 0.25119606388814236 0.03343302891503079 0.08500801150488471
0 0.48209728054918655 0.260526211492337 0.04276317651922554 0.05598088562516797
0 0.49375996505442993 0.29888348497624845 0.05364834872411919 0.03110049201398219
0 0.5147527971638677 0.3289472939230978 0.03187800431433243 0.03317385814824769
0 0.5544059244816951 0.39218496101819494 0.02876795511293359 0.053907519490902445
0 0.561792291335016 0.4492025297104958 0.02643541821188478 0.05805425175943348
0 0.5435207522768014 0.49585326773146904 0.02876795511293345 0.06842108243076084
0 0.5155303094642174 0.5165869290741238 0.025657905911535366 0.06842108243076091
0 0.5295255308705095 0.40825354855875245 0.02876795511293345 0.06116430096083171
0 0.5147527971638678 0.383891496481133 0.03343302891503086 0.06842108243076091
0 0.48365230514988566 0.36471285973917744 0.045873225720623696 0.04457737188670784
0 0.44788673933380624 0.32739226932239873 0.06142347172761489 0.03835727348391139
0 0.3440888472371405 0.2942184111741511 0.07619620543425637 0.04457737188670784
0 0.3926833660089878 0.31598875558393863 0.02876795511293345 0.04043063961817687
0 0.2783890578576031 0.3040669003119121 0.028767955112933556 0.03524722428251323
0 0.32853860123014933 0.33931412459442534 0.034210541215380454 0.035247224282513194
0 0.34486635953749006 0.3735246658098056 0.02954546741328315 0.03732059041677864
0 0.3028806953186141 0.386483204148965 0.03732059041677857 0.059090934826566154
0 0.2538974203965921 0.4502392127776285 0.049760787222371546 0.06427435016222993
0 0.29743810921616715 0.5357655658160795 0.027990442812584 0.06531103322936267
0 0.30599074452001235 0.5746411808335573 0.041985664218876055 0.04146732268530961
0 0.34331133493679095 0.5694577654978934 0.046650738020973324 0.07671454696782277
0 0.36974675314867583 0.6031499651797076 0.023325369010486697 0.03213717508111479
0 0.39112834140828867 0.5751595223671236 0.044318201119924724 0.05701756869230067
0 0.4443879339822331 0.5590909348265661 0.043540688819575096 0.060127617893698894
0 0.4817085243990117 0.5450957134202742 0.03576556581607953 0.0860446945720173
0 0.4494417639345052 0.5098484891377609 0.04898327492202192 0.06945776549789362
0 0.38879580450723994 0.5311004920139822 0.056758397925517484 0.051834153356636964
0 0.3246510397284016 0.4963716092650355 0.03732059041677868 0.03835727348391139
0 0.31221084292280876 0.4730462402545487 0.04976078722237151 0.03317385814824767
0 0.32542855202875115 0.44920252971049573 0.06531103322936258 0.06220098402796438
0 0.3437000910869658 0.42432213609930997 0.041208151918526496 0.029027125879716707
0 0.36974675314867583 0.4046251578237879 0.0326555166146813 0.03939395655104406
0 0.3872407799065408 0.37922642267903567 0.02876795511293359 0.03421054121538042
0 0.42145132112192113 0.37922642267903567 0.0583134225262166 0.07360449776642447
0 0.41406495426860046 0.4020334501559561 0.0326555166146813 0.03421054121538049
0 0.42106256497174643 0.43209725910280555 0.021770344409787513 0.03213717508111493
0 0.4198962965212211 0.45853267731468994 0.020992832109438322 0.02902712587971674
0 0.38918456065741475 0.44557413897553116 0.027990442812584036 0.04457737188670784
0 0.3954046590602111 0.4870414616608407 0.054425861024468815 0.04665073802097325
0 0.4813197682488371 0.41706535462938077 0.039653127317827386 0.07464118083355721
0 0.46654703454219537 0.43209725910280533 0.025657905911535096 0.05287083642376974
0 0.4801534997983126 0.4600877019153895 0.02021531980908847 0.03213717508111494
0 0.45410683773660254 0.46164272651608856 0.039653127317827386 0.03524722428251316
