0 0.352890285271953 0.2601863867829308 0.031873961250369974 0.04856984571484944
0 0.4041162944243332 0.27384665589023216 0.025043826696719264 0.03035615357178095
0 0.4092388953395713 0.29964938642624595 0.03301231700931169 0.03642738428613708
0 0.4416820344694119 0.29585486722977333 0.027320538214602834 0.03490957660754809
0 0.44225121234888304 0.33683567455167757 0.03984245156296254 0.0440164226790823
0 0.47697106299660746 0.38388771258793797 0.05236436491132203 0.05008765339343853
0 0.45761901509459707 0.433216462142082 0.06374792250073988 0.048569845714849506
0 0.47697106299660746 0.4901342500891711 0.034150672768253475 0.05615888410779462
0 0.5612093891582992 0.5804438069652192 0.03870409580402054 0.05160546107202755
0 0.5042916012112102 0.6358437872337194 0.04781094187555496 0.04098080732190418
0 0.4934772215012633 0.7382958055384798 0.03073560549142819 0.04856984571484944
0 0.4661566832866605 0.6616465177697332 0.03301231700931183 0.040980807321904254
0 0.4183457414111056 0.720841017234706 0.04894929763449667 0.07437257625086317
0 0.3927327368349154 0.7724464783067336 0.04325751883978782 0.0440164226790823
0 0.368827265897138 0.7170464980382334 0.04781094187555489 0.04553423035767125
0 0.3170320788652868 0.8141861894679323 0.037565740045078864 0.04553423035767139
0 0.27320538214602813 0.7587862091994322 0.04553423035767128 0.05008765339343853
0 0.23051704118571087 0.7474026516100126 0.02845889397354494 0.06374792250073985
0 0.21287252692211356 0.6753067868770346 0.06374792250073988 0.05008765339343853
0 0.3119094779500486 0.6624054216090275 0.03642738428613714 0.05464107642920507
0 0.40070122714750794 0.6032109221440549 0.02959724973248633 0.042498615000493206
0 0.4411128565899412 0.588791749197459 0.03984245156296247 0.05312326875061658
0 0.42005327504951795 0.5295972497324858 0.04781094187555489 0.05615888410779439
0 0.4086697174601004 0.45901919267809577 0.02959724973248633 0.05160546107202748
0 0.368827265897138 0.45522467348162293 0.025043826696719264 0.037945191964726205
0 0.35972041982560343 0.48937534624987655 0.02959724973248626 0.03035615357178103
0 0.37850328984814313 0.5508465572327329 0.04211916308084604 0.05615888410779469
0 0.3124786558295196 0.5470520380362603 0.037565740045078864 0.048569845714849576
0 0.3267081028162918 0.6229424219657125 0.03187396125036983 0.05160546107202755
0 0.2942649636864511 0.5842383261616919 0.023905470937777444 0.040980807321904254
0 0.252714978485076 0.6616465177697332 0.0273205382146028 0.031873961250369974
0 0.236777997859891 0.6358437872337194 0.03870409580402065 0.04098080732190418
0 0.2168567720784098 0.606246537501233 0.0443958745987296 0.04856984571484944
0 0.21059581540423 0.5675424416972125 0.029597249732486404 0.031873961250369905
0 0.16050816201079152 0.49696438464282183 0.029597249732486387 0.042498615000493206
0 0.23222457482412392 0.5151780767858903 0.05464107642920567 0.05160546107202748
0 0.19295130114063233 0.4597780965173902 0.035289028527195294 0.0440164226790823
0 0.22824032966782756 0.4643315195531571 0.0398424515629624 0.044016422679082595
0 0.2185643057168224 0.38085209723075975 0.02504382669671923 0.044016422679082436
0 0.2823122282175624 0.33759457839097207 0.04553423035767128 0.05767669178638364
0 0.33581494888782615 0.3148274632121364 0.027320538214602834 0.033391768928958995
0 0.32955399221364645 0.35201375133756807 0.060332855223914524 0.0440164226790823
0 0.3238622134189375 0.38995894330229414 0.028458893973544584 0.03490957660754802
0 0.310771122191107 0.4339753659813765 0.036427384286137114 0.05919449946497274
0 0.2885731848917422 0.45598357732091754 0.03073560549142819 0.042498615000493276
0 0.25783757940031404 0.43093975062419837 0.030735605491428154 0.05615888410779462
